순번/순위,구분,상품명,ItemId,ISBN13,부가기호,저자/아티스트,출판사/제작사,출간일,정가,판매가,마일리지,세일즈포인트,대표분류(대분류명)
"1","국내도서","해리 포터와 불의 잔 4 (무선)","249639","9788983920959","04840","조앤 K. 롤링 지음, 최인자 옮김","문학수첩","20001108","8,500","7,650","420점","17664","소설/시/희곡"
"2","국내도서","해리 포터와 불의 잔 3 (무선)","249638","9788983920942","04840","조앤 K. 롤링 지음, 최인자 옮김","문학수첩","20001108","8,500","7,650","420점","17548","소설/시/희곡"
"3","국내도서","해리 포터와 불의 잔 1 (무선)","231509","9788983920928","04840","조앤 K. 롤링 지음, 최인자 옮김","문학수첩","20001101","8,500","7,650","420점","17836","소설/시/희곡"
"4","국내도서","해리 포터와 불의 잔 2 (무선)","231511","9788983920935","04840","조앤 K. 롤링 지음, 최인자 옮김","문학수첩","20001101","8,500","7,650","420점","17377","소설/시/희곡"
"5","국내도서","해리 포터와 마법사의 돌 1 (무선)","210689","9788983920683","04840","조앤 K. 롤링 지음, 김혜원 옮김","문학수첩","19991119","8,000","7,200","400점","20442","소설/시/희곡"
"6","국내도서","해리 포터와 비밀의 방 1 (무선)","216131","9788983920706","04840","조앤 K. 롤링 지음, 김혜원 옮김","문학수첩","19991220","8,000","7,200","400점","16978","소설/시/희곡"
"7","국내도서","해리 포터와 마법사의 돌 2 (무선)","210691","9788983920690","04840","조앤 K. 롤링 지음, 김혜원 옮김","문학수첩","19991119","8,000","7,200","400점","18465","소설/시/희곡"
"8","국내도서","해리 포터와 비밀의 방 2 (무선)","216133","9788983920713","04840","조앤 K. 롤링 지음, 김혜원 옮김","문학수첩","19991230","8,000","7,200","400점","16601","소설/시/희곡"
"9","국내도서","해리 포터와 아즈카반의 죄수 1 (무선)","221820","9788983920720","04840","조앤 K. 롤링 지음, 김혜원 옮김","문학수첩","20000221","8,500","7,650","420점","16176","소설/시/희곡"
"10","국내도서","해리 포터와 아즈카반의 죄수 2 (무선)","221821","9788983920737","04840","조앤 K. 롤링 지음, 김혜원 옮김","문학수첩","20000221","8,500","7,650","420점","15805","소설/시/희곡"
"11","국내도서","아침의 차 한잔이 인생을 결정한다","233851","9788974420895","","아놀드 베네트 지음, 윤선원 편역","매일경제신문사","19960820","4,000","3,600","200점","595","자기계발"
"12","국내도서","아주 오래된 농담","252996","9788939203976","03810","박완서 지음","실천문학사","20001026","8,000","7,200","400점","4779","소설/시/희곡"
"13","국내도서","로마인 이야기 9","255316","9788935652600","04900","시오노 나나미 지음, 김석희 옮김","한길사","20001113","17,500","15,750","870점","6645","역사"
"14","국내도서","창가의 토토","233350","9788991503007","03830","구로야나기 테츠코 지음, 김난주 옮김, 이와사키 치히로 그림","프로메테우스","20040129","11,000","9,900","550점","43114","소설/시/희곡"
"15","국내도서","부자 아빠 가난한 아빠 1","220359","9788982732362","03320","로버트 기요사키, 샤론 레흐트 지음 | 형선호 옮김","민음인","20000210","12,000","10,800","600점","22994","경제경영"
"16","국내도서","누가 내 치즈를 옮겼을까?","226139","9788980103034","03840","스펜서 존슨 지음, 이영진 옮김","진명출판사","20000315","7,000","6,300","350점","29660","자기계발"
"17","국내도서","80/20 법칙","249510","9788950904425","","리처드 코치 지음, 공병호 옮김","21세기북스","20001001","12,000","10,800","600점","3914","자기계발"
"18","국내도서","부자 아빠 가난한 아빠 2","231099","9788982732508","03320","로버트 기요사키 지음, 안진환 옮김","민음인","20121127","17,000","15,300","850점","24887","경제경영"
"19","국내도서","가시고기","218236","9788984370807","03810","조창인 지음","밝은세상","20000110","9,500","8,550","470점","8888","소설/시/희곡"
"20","국내도서","현명한 부모들은 아이를 느리게 키운다","251112","9788983754820","23810","신의진 지음","랜덤하우스코리아","20001009","8,000","7,200","400점","5830","좋은부모"
"21","국내도서","부자 아빠의 투자 가이드","247785","9788982732645","03320","로버트 기요사키 지음, 박슬라 옮김","민음인","20140926","18,000","16,200","900점","9304","경제경영"
"22","국내도서","이윤기의 그리스 로마 신화 1","239808","9788901072395","04210","이윤기 지음","웅진지식하우스","20000626","13,500","12,150","670점","26943","인문학"
"23","국내도서","내 인생 내가 살지","30210","9788947522663","03810","서상록 지음","한국경제신문","19990120","10,000","9,000","500점","135","경제경영"
"24","국내도서","시칠리아의 암소","254535","9788988964071","03810","진중권 지음","다우출판사","20001105","8,000","7,200","400점","1267","사회과학"
"25","국내도서","미래의 부","254815","9788984070462","","스탠 데이비스 외 지음, 신동욱 옮김","세종(세종서적)","20001110","14,000","12,600","700점","400","경제경영"
"26","국내도서","아웃사이더 02","252965","9788985304535","","김규항 김정란 홍세화 진중권 엮음","아웃사이더","20001016","8,000","7,200","400점","675","사회과학"
"27","국내도서","국화꽃 향기 2","236886","9788988045947","03810","김하인 지음","생각의나무","20000610","8,800","7,920","440점","1896","소설/시/희곡"
"28","국내도서","도올논어 1","251401","9788982640964","04140","김용옥(도올) 지음","통나무","20001010","8,500","7,650","420점","1504","인문학"
"29","국내도서","Hello 베이비, Hi 맘","236119","9788985777469","","김린, 서현주 지음","한울림어린이(한울림)","20000620","12,000","10,800","600점","3457","좋은부모"
"30","국내도서","국화꽃 향기 1","236883","9788988045930","03810","김하인 지음","생각의나무","20000610","8,800","7,920","440점","2017","소설/시/희곡"
"31","국내도서","商道 1","254107","9788985804516","04810","최인호 지음","여백(여백미디어)","20001101","7,500","6,750","370점","2551","소설/시/희곡"
"32","국내도서","펄떡이는 물고기처럼","253483","9788988798553","03320","스티븐 C. 런딘 외 지음, 유영만 옮김","한언출판사","20001106","8,900","8,010","440점","9245","경제경영"
"33","국내도서","정글에선 가끔 하이에나가 된다","252336","9788984310377","03810","조선희 지음","한겨레출판","20001016","7,500","6,750","370점","459","에세이"
"34","국내도서","아마존이냐 EBAY냐 퀵스타냐?","228584","9788995093931","","장영 지음","해일","20000323","5,500","4,950","270점","1229","경제경영"
"35","국내도서","商道 3","254113","9788985804530","04810","최인호 지음","여백(여백미디어)","20001101","7,500","6,750","370점","2951","소설/시/희곡"
"36","국내도서","商道 2","254111","9788985804523","04810","최인호 지음","여백(여백미디어)","20001101","7,500","6,750","370점","2681","소설/시/희곡"
"37","국내도서","商道 4","254114","9788985804547","04810","최인호 지음","여백(여백미디어)","20001101","7,500","6,750","370점","3074","소설/시/희곡"
"38","국내도서","商道 5","254117","9788985804554","04810","최인호 지음","여백(여백미디어)","20001101","7,500","6,750","370점","3086","소설/시/희곡"
"39","국내도서","오래된 정원 - 상","230139","9788936433369","03810","황석영 지음","창비","20000502","15,000","13,500","750점","5246","소설/시/희곡"
"40","국내도서","자전거여행","244201","9788984983250","","김훈 지음, 이강빈 사진","생각의나무","20040506","9,800","8,820","490점","6152","에세이"
"41","국내도서","오래된 정원 - 하","230134","9788936433376","03810","황석영 지음","창비","20000502","15,000","13,500","750점","4968","소설/시/희곡"
"42","국내도서","화성에서 온 남자 금성에서 온 여자","173083","9788987268965","","존 그레이 지음, 김경숙 옮김","동녘라이프(친구미디어)","20021201","10,000","9,000","500점","17691","요리/살림"
"43","국내도서","초단타 매매타이밍 이렇게 잡아라","250764","9788936806170","03320","최원철, 임동주 지음","청아출판사","20001006","13,000","11,700","650점","1050","경제경영"
"44","국내도서","나는 달린다","249275","9788988804179","03850","요쉬카 피셔 지음, 선주성 옮김","궁리","20070417","8,500","7,650","420점","2909","건강/취미"
"45","국내도서","놓치고 싶지 않은 나의 꿈 나의 인생","187062","9788974251451","","나폴레온 힐 지음, 권혁철 옮김","국일미디어(국일출판사)","20001105","8,000","7,200","400점","613","자기계발"
"46","외국도서","Harry Potter and the Sorcerer's Stone (Paperback, 미국판)","208556","9780590353427","51099","조앤 K. 롤링 지음","Scholastic","19991001","13,100","7,300","80점","28648","어린이"
"47","국내도서","간호학종합학습지도서 4 - 지역사회간호학 편","4300","9788986307306","","김모임, 조원정외 엮음","대한간호협회","19980320","11,000","11,000","330점","40","대학교재/전문서적"
"48","국내도서","남자처럼 일하고 여자처럼 승리하라","243280","9788973373338","03840","게일 에반스 지음, 공경희 옮김","해냄","20000730","8,500","7,650","420점","2351","자기계발"
"49","국내도서","체 게바라 평전","225000","9788939203822","03860","장 코르미에 지음, 김미선 옮김","실천문학사","20000321","12,000","10,800","600점","10126","역사"
"50","국내도서","아주 특별한 요리 이야기","254203","9788970632391","","존 란체스터 지음, 공경희 옮김","열림원","20001031","7,500","6,750","370점","220","소설/시/희곡"
"51","국내도서","인물과 사상 16","252100","9788985548571","","강준만","개마고원","20001016","9,800","8,820","490점","487","사회과학"
"52","국내도서","세상에서 가장 아늑한 휴식 발마사지 30분","248104","9788989778042","13510","김수자","넥서스","20000909","15,000","13,500","750점","2049","건강/취미"
"53","국내도서","허울뿐인 세계화","252329","9788985277358","03300","헬레나 노르베리-호지+ISEC 지음, 이민아 옮김","따님","20001001","8,000","7,200","400점","1302","사회과학"
"54","국내도서","Mastering Windows 2000 Server","242182","9788974678203","","MARK MINASI 외 지음","삼각형프레스","20000727","45,000","40,500","2,250점","1428","컴퓨터/모바일"
"55","국내도서","노자와 21세기 - 1","211482","9788982640919","03150","김용옥 지음","통나무","19991111","6,500","5,850","320점","3903","인문학"
"56","국내도서","로마인 이야기 8","209408","9788935652099","04900","시오노 나나미 지음, 김석희 옮김","한길사","19991029","18,500","16,650","920점","6596","역사"
"57","국내도서","시간의 지도리에 서서","254124","9788995107324","03100","이정우 지음","산해","20001120","7,000","6,300","350점","282","인문학"
"58","국내도서","영어공부 절대로 하지마라! - 일반용 듣기와 받아쓰기","207491","9788986167542","13740","정찬용 외 지음","사회평론","19991001","9,800","8,820","490점","5454","외국어"
"59","국내도서","아이에게 행복을 주는 비결 1","213524","9788987871264","03180","스티브 비덜프 지음, 전순영 옮김","북하우스","19991130","8,500","7,650","420점","11016","좋은부모"
"60","국내도서","포토샵 5 + 5.5 무작정 따라하기","194033","9788975600357","","이지희, 조형진 지음","길벗","20010122","23,000","20,700","1,150점","1025","컴퓨터/모바일"
"61","국내도서","워드프로세서 2급 필기 특별대비","214620","9788931413311","","강명재 외 지음","영진.com(영진닷컴)","19991220","12,000","10,800","600점","211","수험서/자격증"
"62","국내도서","Beginning Java 2","248788","9788976276728","93000","Ivor Horton 지음, 정용욱 외 옮김","정보문화사","20000925","38,000","34,200","1,900점","820","컴퓨터/모바일"
"63","국내도서","쾌도난담","252867","9788995083444","","김어준 김규항 공저 고경태 글","태명","20001030","8,000","7,200","400점","183","예술/대중문화"
"64","국내도서","돈은 쓰면 쓸수록 늘어난다","254084","9788979192087","03830","나카타니 아키히로 지음","창해","20001103","7,000","6,300","350점","174","경제경영"
"65","국내도서","플래시 웹 디자인","244321","9788970591230","","힐먼 커티스 지음, 장은미 옮김","안그라픽스","20000731","20,000","18,000","1,000점","558","컴퓨터/모바일"
"66","국내도서","로마인 이야기 7","44613","9788935610891","04900","시오노 나나미 지음, 김석희 옮김","한길사","19981120","19,500","17,550","970점","6513","역사"
"67","국내도서","아주 느린 시간","253638","9788982813320","03810","최일남 지음","문학동네","20001030","12,000","10,800","600점","435","소설/시/희곡"
"68","국내도서","내 몸은 너무 오래 서 있거나 걸어 왔다","236842","9788982812958","03810","이문구 지음","문학동네","20000615","11,000","9,900","550점","2080","소설/시/희곡"
"69","국내도서","진술","253354","9788932011981","","하일지 지음","문학과지성사","20001027","7,000","6,300","350점","279","소설/시/희곡"
"70","국내도서","환한 저녁","245993","9788939221291","03810","고증식 지음","실천문학사","20000810","5,000","4,500","250점","482","소설/시/희곡"
"71","국내도서","찬송가","139986","","","편집부","한국찬송가공회","19960705","5,000","4,750","150점","32","종교/역학"
"72","국내도서","떨림","251445","9788982813283","","마르시아스 심 지음","문학동네","20001013","7,500","6,750","370점","430","소설/시/희곡"
"73","국내도서","삼국지 제3권","72183","9788937400537","","나관중 원작, 이문열 평역","민음사","19880501","7,000","6,300","350점","1215","소설/시/희곡"
"74","국내도서","복수한 다음에 인생을 즐기자","253877","9788932903361","","에바 헬러 지음, 김인순 옮김","열린책들","20001101","8,500","7,650","420점","386","소설/시/희곡"
"75","국내도서","꿈꾸는 자가 알아야 할 21가지 믿음의 법칙","236563","9788970049953","03230","강준민 지음","두란노","20000609","12,000","10,800","600점","415","종교/역학"
"76","국내도서","한자능력 검정용 1000자","208207","9788973651566","","한국어문교육연구회 엮음","조선일보사","20020325","5,800","5,220","290점","172","외국어"
"77","국내도서","현대 한국의 사상흐름 : 지식인과 그 사상 1980 - 90년대","252584","9788981630614","04300","윤건차 지음, 장화경 옮김","당대","20001018","15,000","13,500","750점","669","사회과학"
"78","국내도서","CRM과 짜장면 배달","254413","9788989229919","03320","박성수 지음","시대의창","20050221","15,000","13,500","750점","342","경제경영"
"79","국내도서","삼국지 제6권","72188","9788937400568","","나관중 원작, 이문열 평역","민음사","19880501","7,000","6,300","350점","1327","소설/시/희곡"
"80","국내도서","데이트레이딩 고수따라하기","253586","9788995178300","","최승욱 지음","한우림","20001030","12,000","12,000","0점","40","경제경영"
"81","국내도서","바보 주식, 똑똑한 채권","251264","9788988958070","","박정일 지음","굿인포메이션","20001010","9,800","8,820","490점","680","경제경영"
"82","국내도서","어린이 공화국 벤포스타","253051","9788984280588","03370","에버하르트 뫼비우스 지음, 김라합 옮김","보리","20001025","13,000","11,700","650점","1446","사회과학"
"83","국내도서","HTML+ 자바스크립트 30일 완성","229207","9788931414370","","신문섭 지음","영진.com(영진닷컴)","20000418","19,000","17,100","950점","736","컴퓨터/모바일"
"84","국내도서","삼국지 제8권","72190","9788937400582","","나관중 원작, 이문열 평역","민음사","19880501","7,000","6,300","350점","1365","소설/시/희곡"
"85","국내도서","초보자를 위한 플래시 5 홈페이지 만들기 길라잡이 + 활용 길라잡이","253585","9788976277251","98000","김승아 지음","정보문화사","20010110","23,000","20,700","1,150점","461","컴퓨터/모바일"
"86","국내도서","삼국지 제7권","72189","9788937400575","","나관중 원작, 이문열 평역","민음사","19880501","7,000","6,300","350점","1342","소설/시/희곡"
"87","국내도서","플래시 4 애니메이션 홈페이지 만들기","217774","9788931413298","","장일호 지음","영진.com(영진닷컴)","20000103","23,000","20,700","1,150점","1171","컴퓨터/모바일"
"88","국내도서","아웃사이더 01 -창간호","228214","9788985304528","","김규항 김정란 홍세화 진중권 엮음","아웃사이더","20000401","8,000","7,200","400점","1043","사회과학"
"89","국내도서","빈센트 반 고흐, 내 영혼의 자서전","252576","9788985846684","03810","민길호 지음","학고재","20001020","13,000","11,700","650점","614","예술/대중문화"
"90","국내도서","향기로운 우물 이야기","253432","9788936436582","03810","박범신 지음","창비","20001110","7,500","6,750","370점","169","소설/시/희곡"
"91","국내도서","도쿠가와 이에야스 2 - 제1부 대망","255820","9788981333850","04830","야마오카 소하치 지음, 이길진 옮김","솔출판사","20001210","8,000","7,200","400점","732","소설/시/희곡"
"92","국내도서","삼국지 제5권","72187","9788937400551","","나관중 원작, 이문열 평역","민음사","19880501","7,000","6,300","350점","1281","소설/시/희곡"
"93","국내도서","삼국지 제4권","72185","9788937400544","","나관중 원작, 이문열 평역","민음사","19880501","7,000","6,300","350점","1262","소설/시/희곡"
"94","국내도서","모닥불","254471","9788989549048","","정호승 지음, 박항률 그림","현대문학북스","20001106","7,500","6,750","370점","261","소설/시/희곡"
"95","국내도서","삼국지 제2권","193240","9788937400520","","나관중 원작, 이문열 평역","민음사","19880501","7,000","6,300","350점","1175","소설/시/희곡"
"96","국내도서","도쿠가와 이에야스 1 - 제1부 대망","255819","9788981333843","04830","야마오카 소하치 지음, 이길진 옮김","솔출판사","20001210","8,000","7,200","400점","866","소설/시/희곡"
"97","국내도서","클릭 앤 모르타르","252626","9788984070455","","데이비드 S. 포트럭+테리 피어스 지음, 구본성 옮김","세종(세종서적)","20001030","13,000","11,700","650점","230","경제경영"
"98","국내도서","삼국지 제9권","72191","9788937400599","","나관중 원작, 이문열 평역","민음사","19880501","7,000","6,300","350점","1390","소설/시/희곡"
"99","국내도서","도쿠가와 이에야스 3 - 제1부 대망","255821","9788981333867","04830","야마오카 소하치","솔출판사","20001210","8,000","7,200","400점","699","소설/시/희곡"
"100","국내도서","내가 살았던 집","255199","9788987038346","03810","은희경 외 지음","개미","20001101","8,000","7,200","400점","323","소설/시/희곡"
"101","국내도서","로마인 이야기 2","44608","9788935610259","04900","시오노 나나미 지음, 김석희 옮김","한길사","19950901","18,500","16,650","920점","9563","역사"
"102","국내도서","예찬","253269","9788972755036","03860","미셸 투르니에 지음, 김화영 옮김","현대문학","20001020","12,000","10,800","600점","979","에세이"
"103","국내도서","엄마가 만드는 꼬마철학자","208292","9788995061916","03370","에바 졸러 지음, 김현자 옮김","인북스","19991010","7,500","6,750","370점","2201","좋은부모"
"104","국내도서","인생은 지나간다","254630","9788989351023","03810","구효서 지음, 김홍희 사진","마음산책","20001115","7,500","6,750","370점","600","에세이"
"105","국내도서","삐뽀삐뽀 119 소아과 (개정11판)","235616","9788976820532","03510","하정훈 지음","그린비라이프","20140510","29,800","26,820","1,490점","52301","좋은부모"
"106","국내도서","'안돼' 엄마 '싫어' 아이","252067","9788995139820","13590","돌로레스 카렌 지음, 이영미 옮김","아이북","20001025","8,500","7,650","420점","801","좋은부모"
"107","국내도서","아들아, 머뭇거리기에는 인생이 너무 짧다 1","253636","9788988798560","03320","강헌구 지음","한언출판사","20001106","9,800","8,820","490점","7648","청소년"
"108","국내도서","로마인 이야기 5","44611","9788935610822","04900","시오노 나나미 지음, 김석희 옮김","한길사","19960810","19,500","17,550","970점","7740","역사"
"109","국내도서","노자와 21세기 - 3","232164","9788982640933","04150","김용옥(도올) 지음","통나무","20000503","8,500","7,650","420점","2901","인문학"
"110","국내도서","삼국지 제10권","193241","9788937400605","04820","나관중 원작, 이문열 평역","민음사","19880501","7,000","6,300","350점","1383","소설/시/희곡"
"111","국내도서","Dreamweaver 3 H.O.T","251840","9788970591315","","린다 와인만 외 지음, 황현정 옮김","안그라픽스","20001010","23,000","20,700","1,150점","144","컴퓨터/모바일"
"112","국내도서","백만장자가 된 여성들의 특별한 원칙","251324","9788988803394","","베티나 플로러스 외 지음, 김양미 옮김","씨앗을뿌리는사람","20001001","8,200","7,380","410점","784","경제경영"
"113","국내도서","말을 듣지 않는 남자 지도를 읽지 못하는 여자","247780","9788989263012","","앨런 피즈 외 지음, 이종인 옮김","가야넷","20000907","8,500","7,650","420점","3634","자기계발"
"114","국내도서","맛따라 갈까 보다","251715","9788970411569","","황교익 지음","디자인하우스","20001015","7,800","7,020","390점","493","여행"
"115","국내도서","FLASH 5 Web Technique","253657","9788987225241","","양주일 지음","임프레스","20001023","17,000","15,300","850점","261","컴퓨터/모바일"
"116","국내도서","마스크","254466","9788985548588","04380","존 맥 외 지음, 윤길순 옮김","개마고원","20001102","15,000","13,500","750점","132","인문학"
"117","국내도서","웹 스타일 가이드","235907","","","패트릭 J.린치, 사라 호튼 지음ㅣ 양선옥, 고일주 옮김","안그라픽스","20000530","15,000","13,500","750점","679","컴퓨터/모바일"
"118","국내도서","플래시 액션스크립트 매직","248125","9788970591285","","데이빗 엠버튼 외 지음, 성기원 옮김","안그라픽스","20000907","25,000","22,500","1,250점","366","컴퓨터/모바일"
"119","국내도서","도쿠가와 이에야스 4 - 제1부 대망","255822","9788981333874","04830","야마오카 소하치","솔출판사","20001210","8,000","7,200","400점","704","소설/시/희곡"
"120","국내도서","PC 진단 문제해결 무작정 따라하기","246863","9788975600555","","이순원 지음","길벗","20010120","25,000","22,500","1,250점","1411","컴퓨터/모바일"
"121","국내도서","어떻게 자유주의에서 벗어날 것인가","254450","9788981630621","04300","알랭 투렌 지음, 고원 옮김","당대","20001106","7,500","6,750","370점","264","사회과학"
"122","국내도서","위대한 대통령은 무엇이 다른가","254469","9788989313038","","프레드 그린슈타인 지음","위즈덤하우스","20001101","15,000","13,500","750점","109","사회과학"
"123","국내도서","로마인 이야기 1","44607","9788935610242","04900","시오노 나나미 지음, 김석희 옮김","한길사","19950901","15,500","13,950","770점","12893","역사"
"124","국내도서","도쿠가와 이에야스 5 - 제1부 대망","255823","9788981333881","04830","야마오카 소하치","솔출판사","20001210","8,000","7,200","400점","707","소설/시/희곡"
"125","국내도서","로마인 이야기 6","44612","9788935610853","04900","시오노 나나미 지음, 김석희 옮김","한길사","19970825","17,500","15,750","870점","6790","역사"
"126","국내도서","삼국지 제1권","72182","9788937400513","04820","나관중 원작, 이문열 평역","민음사","19880501","7,000","6,300","350점","1125","소설/시/희곡"
"127","국내도서","상실의 시대","72797","9788970123691","03830","무라카미 하루키 지음, 유유정 옮김","문학사상사","20001002","15,000","13,500","750점","33990","소설/시/희곡"
"128","국내도서","스페인 제국사 1469-1716","254013","9788972912767","","존 H. 엘리엇 지음, 김원중 옮김","까치","20001101","15,000","13,500","750점","200","대학교재/전문서적"
"129","국내도서","순간을 채색하는 내 영혼의 팔레트","188104","9788980102914","","퀸트 북홀쯔 글.그림, 유혜자 옮김","진명출판사","19990408","6,500","5,850","320점","124","소설/시/희곡"
"130","국내도서","나 어릴적에 1","250344","9788995109144","","위기철 지음, 이희재 그림","게나소나(G&S)","20000920","7,000","6,300","350점","737","만화"
"131","국내도서","단순함의 원리","245669","9788950904364","","잭 트라우트+스티브 리브킨 지음, 김유경 옮김","21세기북스","20000820","10,000","9,000","500점","555","경제경영"
"132","국내도서","로마인 이야기 4","44610","9788935610273","04900","시오노 나나미 지음, 김석희 옮김","한길사","19960301","19,500","17,550","970점","8117","역사"
"133","국내도서","백일법문 -하","58934","9788985244060","04220","성철 지음","장경각","19920401","9,000","8,100","450점","999","종교/역학"
"134","국내도서","노자와 21세기 - 2","217150","9788982640926","04150","김용옥 지음","통나무","19991230","6,500","5,850","320점","3309","인문학"
"135","국내도서","비노바 바베","248970","9788939205215","03840","칼린디 지음, 김문호 옮김","실천문학사","20050730","15,000","13,500","750점","1139","사회과학"
"136","국내도서","상식을 뛰어넘는 허리병 허리디스크 이야기","254480","9788989253051","","이춘성 외 지음","한국학술정보","20001101","40,000","36,000","2,000점","401","건강/취미"
"137","국내도서","지오팩츠","250807","9788973373406","","미국 지리학회 엮음, 빌 피처 일러스트","해냄","20001004","19,800","17,820","990점","469","과학"
"138","국내도서","엥키 빌랄의 니코폴","252325","9788987057514","","엥키 빌랄 지음","현실문화","20001001","26,000","23,400","1,300점","454","만화"
"139","국내도서","백일법문 -상","58933","9788985244053","04220","성철 지음","장경각","19920401","9,000","8,100","450점","1041","종교/역학"
"140","국내도서","감옥에서 보낸 편지","252331","9788937460425","","안토니오 그람시 지음, 린 로너 엮음, 양희정 옮김","민음사","20001025","10,000","9,000","500점","836","에세이"
"141","국내도서","M.나비","181436","9788986175561","04840","데이비드 헨리 황 지음, 이희원 옮김","동인(이성모)","19980831","8,000","7,600","400점","1156","소설/시/희곡"
"142","국내도서","TOEIC 답이 보인다","219172","9788934904755","","김대균 지음","김영사","20010305","14,900","13,410","740점","2406","외국어"
"143","국내도서","쌍브르 - 1,2권 합본 (양장)","250294","9788986929751","07860","발락 지음, 이슬레르 그림, 이재형 옮김","비앤비(B&B)","20000901","14,000","12,600","700점","577","만화"
"144","국내도서","무소유","205592","9788908041318","03810","법정스님 지음","범우사","19990805","8,000","7,200","400점","14555","종교/역학"
"145","국내도서","엑셀 2000 무작정 따라하기","217436","9788975600470","","김종학 지음","길벗","20010310","15,000","13,500","750점","2402","컴퓨터/모바일"
"146","국내도서","소통을 위한, 나와 당신의","82844","9788988151037","03810","박제영 지음","늘봄","19980318","4,000","3,600","200점","88","소설/시/희곡"
"147","국내도서","Beginning XML","252718","9788976277626","","David Hunter 외 지음, 안성욱 외 옮김","정보문화사","20001001","32,000","28,800","1,600점","289","컴퓨터/모바일"
"148","국내도서","오타쿠","251428","9788988017302","","오카다 토시오 지음, 김승현 옮김","현실과미래","20001012","9,800","8,820","490점","247","예술/대중문화"
"149","국내도서","신대륙과 케케묵은 텍스트들","252777","9788985893619","","앤서니 그래프턴 지음, 서성철 옮김","일빛","20001023","15,000","13,500","750점","138","역사"
"150","국내도서","서울대를 꿈꾸려면 공부 방법과 습관을 정복하라","253653","9788988027189","03810","김동환 지음","서교출판사","20001001","7,500","6,750","370점","716","좋은부모"
"151","국내도서","인터넷 쇼핑몰","253281","9788950904388","","김진우,연세대벤처동아리 지음","21세기북스","20001001","10,000","9,000","500점","149","경제경영"
"152","국내도서","김영사 사람들, 16일만에 독하게 일본어 끝내기","241000","9788934905301","03730","장웅 지음","김영사","20000705","8,900","8,010","440점","1802","외국어"
"153","국내도서","잭 웰치와 GE 방식 필드북","252578","9788981100964","03320","로버트 슬레이터 지음, 강석진.이태복 옮김","물푸레","20001025","15,000","13,500","750점","325","경제경영"
"154","국내도서","바이오테크 혁명","253231","9788935204205","03320","리처드 올리버 지음, 류현권 옮김","청림출판","20001030","13,000","11,700","650점","204","대학교재/전문서적"
"155","국내도서","HTML & JAVA SCRIPT 사전","239924","9788931415018","","Ryuichi Okakura 지음","영진.com(영진닷컴)","20000705","22,000","19,800","1,100점","1213","컴퓨터/모바일"
"156","국내도서","그렇다고 생각하면 진짜 그렇게 된다","252326","9788972200963","","삭티 거웨인 지음, 박윤정 옮김","도솔","20001020","7,900","7,110","390점","817","자기계발"
"157","국내도서","내 몸은 내가 고친다","248111","","","김홍경","책만드는식물추장","20000905","10,000","9,000","500점","1288","건강/취미"
"158","국내도서","영어공부 절대로 하지마라!","200353","9788986167511","","정찬용 지음","사회평론","19990719","6,500","5,850","320점","3319","외국어"
"159","외국도서","Harry Potter and the Goblet of Fire (Harry Potter, Book 4): Volume 4 (Hardcover)","243314","9780439139595","52999","조앤 K. 롤링 지음","Scholastic","20000801","35,400","19,470","200점","1414","어린이"
"160","국내도서","마음의 풍경","245170","9788985599337","","이해인 정채봉 외 지음, 박항률 그림","이레","20000810","8,000","7,200","400점","998","에세이"
"161","국내도서","엣센스 영한사전","198178","9788938704252","","민중서림 편집국 엮음","민중서림","20000110","29,000","26,100","1,450점","260","외국어"
"162","국내도서","프레이리의 교사론","249278","9788988996058","03370","파울로 프레이리 지음, 교육문화연구회 옮김","아침이슬","20000926","10,000","9,000","500점","3242","사회과학"
"163","국내도서","코드 훔치기","252395","9788989351016","03810","고종석 지음","마음산책","20001025","14,000","12,600","700점","2305","사회과학"
"164","국내도서","최고의 우리맛","220152","9788970901916","23590","심영순 지음","동아일보사","20000131","12,000","10,800","600점","2778","요리/살림"
"165","국내도서","천.천.히 그림 읽기","206862","9788901028224","03600","조이한.진중권 지음","웅진지식하우스","20031118","12,000","10,800","600점","2892","예술/대중문화"
"166","국내도서","세계화 정보화 그리고 민주주의","80170","9788932009896","93300","강정인 지음","문학과지성사","19980305","13,000","11,700","650점","67","사회과학"
"167","국내도서","불은 언제나 되살아난다","249862","9788936422004","03810","신경림 엮음","창비","20000901","9,000","8,550","450점","1223","소설/시/희곡"
"168","국내도서","꿈을 도둑맞은 사람들에게","251259","9788987144511","","잭 캔필드 & 마크 빅터 한센 지음, 김재홍 옮김","현재","20001015","8,000","7,200","400점","785","자기계발"
"169","국내도서","모리와 함께한 화요일","49741","9788985509992","","미치 앨봄 지음, 공경희 옮김","세종(세종서적)","19991220","7,200","6,480","360점","1412","에세이"
"170","국내도서","신화, 그림으로 읽기","241481","9788985846653","03600","이주헌 지음","학고재","20000715","15,000","13,500","750점","1671","예술/대중문화"
"171","국내도서","Web Development with Java Sever Pages","243361","9788980544189","","Duane K. Fields 외 지음, 곽용재 옮김","인포북","20010110","23,000","20,700","1,150점","318","컴퓨터/모바일"
"172","국내도서","낯선 곳에서의 아침","29758","9788988045411","","구본형 지음","생각의나무","19990210","8,500","7,650","420점","406","자기계발"
"173","국내도서","깡통@나모 웹에디터 4.com","234757","9788977311473","","함영기 지음","비앤씨","20000708","16,500","14,850","820점","963","컴퓨터/모바일"
"174","국내도서","초보자를 위한 드림위버 3 New 고급 홈페이지 만들기 길라잡이","237544","9788976277176","","홍지연 지음","정보문화사","20000613","20,000","18,000","1,000점","426","컴퓨터/모바일"
"175","국내도서","나모 웹에디터 4","244541","9788931415001","","안창현 지음","영진.com(영진닷컴)","20000802","13,800","12,420","690점","189","컴퓨터/모바일"
"176","국내도서","성공하는 사람들의 7가지 습관","190659","9788934901501","","스티븐 코비 지음, 김경섭 옮김","김영사","19940401","11,900","10,710","590점","2436","자기계발"
"177","국내도서","반지전쟁 1","57395","9788986834437","","존 로날드 로웰 톨킨 지음, 김번 외 옮김","예문","19981001","7,500","6,750","370점","608","소설/시/희곡"
"178","국내도서","성실한 여행자","255492","9788908041622","03840","제임스 도드슨 지음, 박지숙 옮김","범우사","20001101","10,000","9,000","500점","87","에세이"
"179","국내도서","위대한 CEO 엘리자베스 1세","250417","9788989313014","","앨런 액설로드 지음, 남경태 옮김","위즈덤하우스","20001003","13,000","11,700","650점","371","자기계발"
"180","국내도서","느리게 산다는 것의 의미","237334","9788980381319","04860","피에르 쌍소 지음, 김주경 옮김","동문선","20000620","7,000","6,300","350점","3687","에세이"
"181","국내도서","뭉크 뭉크","255087","9788989348757","03650","에드바르드 뭉크 지음, 이충순 옮김","다빈치","20050510","18,000","16,200","900점","725","예술/대중문화"
"182","국내도서","우리가 성에 관해 너무나 몰랐던 일들","249179","9788985635424","03370","김성애 외 지음","또하나의문화","20000917","13,000","11,700","650점","438","사회과학"
"183","국내도서","분류하기의 유혹","254184","9788980381050","04100","조르주 비뇨 지음, 임기대 옮김","동문선","20001110","7,000","6,300","350점","237","인문학"
"184","국내도서","JAVA 2 SCJP","202817","9788976276049","","심재후, 이형주, 정승원, 유지훈 지음","정보문화사","20000807","25,000","22,500","1,250점","685","컴퓨터/모바일"
"185","국내도서","tangerine TOEIC Part Ⅲ","254057","9788989149057","","변진협 지음","니오컴스(네오커뮤니케이션 NEO)","20020601","15,200","13,680","760점","631","외국어"
"186","국내도서","TOEIC 답이 보이는 Vocabulary 1","220844","9788934904779","","김대균 지음","김영사","20000115","14,900","13,410","740점","1290","외국어"
"187","외국도서","Harry Potter and the Chamber of Secrets (Paperback)","246534","9780439064873","51099","조앤 K. 롤링 지음","Scholastic","20000901","13,100","7,700","80점","10711","어린이"
"188","외국도서","The Very Hungry Caterpillar (Video Tape 1개)","224153","8809019640540","","에릭 카렐 지음","인피니스","19991205","17,000","13,600","410점","3923","어린이"
"189","국내도서","기생시집","252634","9788973373413","","황진이 외 지음, 문정희 엮음","해냄","20001025","12,000","10,800","600점","180","소설/시/희곡"
"190","국내도서","나 어릴적에 3","252670","9788995109168","","이희재 그림, 위기철 글","게나소나(G&S)","20001030","7,000","6,300","350점","643","만화"
"191","국내도서","사랑의 신화","253766","9788979192001","04210","토마스 불핀치 지음, 이윤기 옮김","창해","20001030","10,000","9,000","500점","202","인문학"
"192","국내도서","경제기사 궁금증 300문 300답","250326","9788970902104","","곽해선 지음","동아일보사","20000930","9,500","8,550","470점","496","경제경영"
"193","국내도서","드림위버 3 무작정 따라하기","246491","9788975600531","","고경희 지음","길벗","20000817","18,800","16,920","940점","265","컴퓨터/모바일"
"194","국내도서","백년 동안의 고독","58631","9788970126937","03840","가브리엘 가르시아 마르케스 지음, 안정효 옮김, 김욱동 해설","문학사상사","20050728","12,800","11,520","640점","17540","소설/시/희곡"
"195","국내도서","나 어릴적에 2","250771","9788995109151","","위기철 지음, 이희재 그림","게나소나(G&S)","20000925","7,000","6,300","350점","672","만화"
"196","국내도서","나는 꼭 MBA에 가고 싶다","250372","9788974421878","03320","김경우 외 지음","매일경제신문사","20001010","12,000","10,800","600점","285","자기계발"
"197","국내도서","릭킴의 미국 영어발음 무작정 따라하기","205426","9788995145104","","릭킴, 오경은 지음","길벗이지톡","19990910","12,000","10,800","600점","2943","외국어"
"198","국내도서","부끄러움","254202","9788970632407","","아니 에르노 지음, 이재룡 옮김","열림원","20001030","6,000","5,400","300점","283","소설/시/희곡"
"199","국내도서","마케팅게임에서 승리하라","252280","9788982201202","","에릭 슐츠 지음, 이창식 옮김","넥서스","20001017","12,500","11,250","620점","271","경제경영"
"200","국내도서","성인 간호학","251785","9788958820178","93510","한국간호과학회 성인간호학회 지음","대한간호협회","20061001","28,000","28,000","840점","960","대학교재/전문서적"
"201","국내도서","지금 알고 있는 걸 그때도 알았더라면","137447","9788970638331","03810","류시화 엮음","열림원","20141203","10,000","9,000","500점","29685","소설/시/희곡"
"202","국내도서","성공적인 전자상거래 사이트 구축하기","253521","9788988723166","","Vivek Sharma 외 지음, 김태훈 옮김","마이트프레스","20001001","28,000","25,200","1,400점","87","경제경영"
"203","국내도서","서양미술사 (반양장)","75760","9788970840659","03600","E.H.곰브리치 지음, 백승길 외 옮김","예경","20030710","38,000","34,200","1,900점","30777","예술/대중문화"
"204","국내도서","민족은 사라지지 않는다","246936","9788984310339","03300","송두율 지음","한겨레출판","20000825","8,500","7,650","420점","656","사회과학"
"205","국내도서","문화와 철학","203520","9788972974123","","한국철학사상연구회 지음","동녘","19990825","10,000","9,000","500점","231","대학교재/전문서적"
"206","국내도서","엣센스 국어사전","216030","9788938701237","","민중서림 편집국 엮음, 이희승 감수","민중서림","20000110","32,000","28,800","1,600점","162","외국어"
"207","국내도서","이희수 교수의 세계문화기행","198016","9788985893473","","이희수 지음","일빛","19990625","14,000","12,600","700점","547","에세이"
"208","국내도서","로마인 이야기 3","44609","9788935610266","04900","시오노 나나미 지음, 김석희 옮김","한길사","19951101","15,500","13,950","770점","8003","역사"
"209","국내도서","돼지들 2","254325","9788984370104","","이정규 지음","밝은세상","20001101","7,500","6,750","370점","97","소설/시/희곡"
"210","국내도서","대용량 데이터베이스솔루션 1","36897","9788995062906","13560","이화식","Enc(엔코아정보컨설팅)","19960310","35,000","33,250","1,750점","854","컴퓨터/모바일"
"211","국내도서","초단타매매, 지금보다 10배 잘하기","236146","9788984050792","","김도기 지음","더난출판사","20000610","9,500","8,550","470점","864","경제경영"
"212","국내도서","인터넷 비즈니스@I-biznet.com","236998","9788950904258","","(주)아이비즈넷 지음","21세기북스","20000625","25,000","22,500","1,250점","1201","경제경영"
"213","국내도서","e-Profit","255101","9788950904463","","피터 S. 코엔 지음, 이상욱 옮김","21세기북스","20001101","13,000","11,700","650점","92","경제경영"
"214","국내도서","알 리스의 인터넷 브랜딩 11가지 불변의 법칙","251238","9788934905967","03320","알 리스 외 지음, 오성호 옮김","김영사","20001010","9,900","8,910","490점","426","경제경영"
"215","국내도서","역사의 비밀","247806","9788977181205","","미하엘 그레고르 외 지음, 한스 크리스티안 후프 엮음, 이민수 옮김","오늘의책","20000901","13,000","11,700","650점","387","역사"
"216","국내도서","태교동화","222008","9788981066659","77830","김양순 엮음","계림닷컴","19991220","12,000","10,800","600점","2221","좋은부모"
"217","국내도서","파워포인트 2000 무작정 따라하기","221824","9788975600487","","이승일 지음","길벗","20010115","14,800","13,320","740점","1148","컴퓨터/모바일"
"218","국내도서","부처님께 재를 털면","207049","9788987067162","","숭산스님 지음, 스티븐 미첼 엮음, 최윤정 옮김","여시아문","19990921","9,000","8,100","450점","699","종교/역학"
"219","국내도서","삶과 철학","71751","9788972974529","03100","한국철학사상연구회 지음","동녘","20030225","9,000","8,100","450점","360","대학교재/전문서적"
"220","국내도서","최고 경영자 예수","207423","9788955962741","03320","로리 베스 존스 지음, 송경근.김홍섭 옮김","한언출판사","20051001","11,900","10,710","590점","1787","자기계발"
"221","외국도서","Longman Dictionary of Contemporary English (3판)","244795","9780582433991","","Longman 편집부 엮음","Oxford(옥스포드)","20000701","45,000","38,250","1,150점","246",""
"222","국내도서","영어의 대륙에 깃발을 꽂아라","253782","9788970411545","","하광호 지음","디자인하우스","20001105","12,000","10,800","600점","154","외국어"
"223","국내도서","반지전쟁 2","57396","9788986834444","03840","존 로날드 로웰 톨킨 지음, 김번 외 옮김","예문","19981001","7,500","6,750","370점","520","소설/시/희곡"
"224","국내도서","굴비낚시","251549","9788989351009","03810","김영하 지음","마음산책","20001001","10,000","9,000","500점","1058","예술/대중문화"
"225","국내도서","성공적인 웹 사이트를 위한 웹 네비게이션","228333","9788979140620","","Jennifer Fleming 지음, 남상신 옮김","한빛미디어","20000416","19,000","17,100","950점","637","컴퓨터/모바일"
"226","국내도서","CRM.com","247094","9788950904357","","프레드릭 뉴웰 지음, 삼성전자 글로벌마케팅연구소 옮김","21세기북스","20000920","13,000","11,700","650점","549","경제경영"
"227","국내도서","한없이 투명에 가까운 블루","194642","9788986448849","","무라카미 류 지음, 한성례 옮김","동방미디어","19990610","5,500","4,950","270점","440","소설/시/희곡"
"228","국내도서","만행 1","209793","9788970632070","","현각 지음, 김홍희 사진","열림원","19991105","7,000","6,300","350점","2198","종교/역학"
"229","국내도서","민족주의와 발전의 환상","247561","9788981333775","","권혁범 지음","솔출판사","20000915","10,000","9,000","500점","238","사회과학"
"230","국내도서","그리스도인의 확신","20628","9788937500022","03230","네비게이토 편집부 엮음","네비게이토","19900601","2,200","1,980","110점","1532","종교/역학"
"231","국내도서","세계과학문명사 2","79370","9788935601738","","콜린A.로넌","한길사","19971210","13,000","11,700","650점","51","과학"
"232","국내도서","여성과 광기","254183","9788985554534","03300","필리스 체슬러 지음, 임옥희 옮김","여성신문사","20001101","20,000","18,000","1,000점","153","인문학"
"233","국내도서","슬픈 궁예","246082","9788987787213","","이재범 지음","푸른역사","20000816","8,000","7,200","400점","432","역사"
"234","국내도서","아름다운 홈페이지를 위한 웹디자인","249791","9788931415308","13000","조은영 지음","영진.com(영진닷컴)","20000927","25,000","22,500","1,250점","289","컴퓨터/모바일"
"235","국내도서","나는 초단타매매로 매일 40만원 번다","227858","9788936806156","03320","최원철 지음","청아출판사","20000407","9,000","8,100","450점","1934","경제경영"
"236","국내도서","한글 Access 2000 Using Bible","240245","9788988730478","","심교영 엮어지음","컴피플","20000710","23,000","20,700","1,150점","436","컴퓨터/모바일"
"237","국내도서","링구아 TOEFL CBT - Listening Review","252846","9788989260325","","링구아포럼 리서치센터 지음","링구아포럼","20000701","23,000","20,700","1,150점","196","외국어"
"238","국내도서","조화로운 삶","229634","9788984280564","03840","헬렌 니어링 외 지음, 류시화 옮김","보리","20000415","9,000","8,100","450점","10934","인문학"
"239","외국도서","Interchange Workbook 3 (Paperback, 3 Rev ed)","182269","9780521602228","","Jack C. Richards 지음","Cambridge Univ Pr","20041213","11,500","10,350","320점","147","ELT/어학/사전"
"240","국내도서","그림책을 보고 크는 아이들","21093","9788971965016","23380","이상금 지음","사계절","19980725","10,500","9,450","520점","4946","좋은부모"
"241","국내도서","Adobe Illustrator 9","251987","9788931415346","","이종도.정일비 지음","영진.com(영진닷컴)","20001001","25,000","22,500","1,250점","144","컴퓨터/모바일"
"242","국내도서","엣센스 실용 영어회화 사전","91458","9788938704351","","박양우 엮음","민중서림","20010110","19,000","17,100","950점","337","외국어"
"243","국내도서","영어공부 절대로 하지마라! - 비기너용 듣기와 받아쓰기","225566","9788986167603","13740","정찬용 외 지음","사회평론","20000301","9,800","8,820","490점","2842","외국어"
"244","국내도서","어린이 영어 엄마가 가르쳐라 - 상","98696","9788973654703","","김숙희 지음","조선일보사","20040720","9,800","8,820","490점","850","좋은부모"
"245","국내도서","돼지들 1","254326","9788984370098","","이정규 지음","밝은세상","20001101","7,500","6,750","370점","93","소설/시/희곡"
"246","국내도서","자녀의 행복한 인생을 약속하는 부모의 지혜","234098","9788988959411","03800","웨인 다이어 지음, 이일남 옮김","아침나라(둥지)","20000520","9,000","8,100","450점","2665","좋은부모"
"247","국내도서","나는 일부일처제가 싫다","253478","9788953295179","","임혜숙 지음","서울문화사","20001031","7,800","7,020","390점","82","에세이"
"248","국내도서","미학 오디세이 1","54561","9788970331102","","진중권 지음","새길아카데미","19940101","7,000","6,650","200점","414","예술/대중문화"
"249","국내도서","잉칼 1","250042","9788970853253","","뫼비우스 외 지음, 이세욱 옮김","교보문고(교재)","20000925","11,500","11,500","340점","406","만화"
"250","국내도서","코리아닷컴 1","231743","9788973373284","","김진명 지음","해냄","20000620","7,500","6,750","370점","760","소설/시/희곡"
"251","국내도서","아이에게 행복을 주는 비결 2","213523","9788987871271","03180","스티브 비덜프, 샤론 비덜프 지음","북하우스","19991130","8,500","7,650","420점","4154","좋은부모"
"252","국내도서","기독교 죄악사 -상","245789","9788973430901","","조찬선 지음","평단(평단문화사)","20000801","10,000","9,000","500점","234","종교/역학"
"253","국내도서","위대한 이인자들","241194","9788989222033","03320","데이빗 히넌, 워렌 베니스 지음 | 최경규 옮김","좋은책만들기","20000720","9,000","8,100","450점","932","자기계발"
"254","국내도서","나에겐 분명 문제가 있다","205200","9788974470500","03840","데이비드 J. 리버만 지음, 주미숙 옮김","창작시대","19990915","9,000","8,100","450점","1442","자기계발"
"255","국내도서","우리는 사소한 것에 목숨을 건다","189901","9788974471514","03840","리처드 칼슨 지음, 강미경 옮김","창작시대","20040915","9,000","8,100","450점","2390","자기계발"
"256","국내도서","이원복 교수의 세상만사 유럽만사","241008","9788900090505","","이원복 지음","두산동아","20000715","8,000","7,200","400점","1097","청소년"
"257","국내도서","육식, 건강을 망치고 세상을 망친다 2","246878","9788988404171","03510","존 로빈스 지음, 이무열 외 옮김","아름드리미디어","20000730","8,800","7,920","440점","1176","건강/취미"
"258","국내도서","기호 - 개념과 역사","252600","9788932903323","","움베르토 에코 지음, 김광현 옮김","열린책들","20001020","12,000","10,800","600점","443","인문학"
"259","국내도서","색채 : 그 화려한 역사","245844","9788972912736","","만리오 브루사틴 지음 | 정진국 옮김","까치","20000731","8,000","7,200","400점","312","인문학"
"260","국내도서","세계의 격변","253905","9788946027985","03300","미셸 보 지음, 백영현 옮김","한울(한울아카데미)","20001101","14,000","14,000","700점","99","대학교재/전문서적"
"261","국내도서","507년, 정복은 계속된다","223552","9788988105139","04300","노암 촘스키 지음, 오애리 옮김","이후","20000301","13,000","11,700","650점","901","사회과학"
"262","국내도서","술술술 한자 익히기","225472","9788971153031","03710","유영호 지음","평민사","20050614","12,000","10,800","600점","1095","외국어"
"263","국내도서","딸기엄마의 생생 육아일기","252712","9788995075364","","최연희,김준희 지음","청어람미디어","20001025","8,500","7,650","420점","269","좋은부모"
"264","국내도서","육식, 건강을 망치고 세상을 망친다 1","246881","9788988404164","03510","존 로빈스","아름드리미디어","20000730","8,800","7,920","440점","1740","건강/취미"
"265","국내도서","딴지일보 졸라 스페셜","246824","9788989299110","","김어준 지음","딴지그룹","20000825","9,800","9,800","0점","294","사회과학"
"266","국내도서","그러니까 당신도 살아","236230","9788987871431","03830","오히라 미쓰요 지음, 양윤옥 옮김","북하우스","20000701","10,000","9,000","500점","3332","에세이"
"267","국내도서","혼불 7","190363","9788935601264","","최명희 지음","한길사","19961205","7,000","6,300","350점","2201","소설/시/희곡"
"268","국내도서","뿌리를 찾는 한자 2350 1","253079","9788973652792","","전광진 지음","조선일보사","20001014","9,000","8,100","450점","205","외국어"
"269","국내도서","아름다운 파괴","252322","9788934001706","","이거룡 지음","거름","20001020","9,800","8,820","490점","264","인문학"
"270","국내도서","혼불 6","190361","9788935601257","","최명희 지음","한길사","19961205","7,000","6,300","350점","2179","소설/시/희곡"
"271","국내도서","Shadowing 몸에 붙이기","248675","9788988004296","","김영수 지음","홍익미디어플러스","20000930","19,000","17,100","950점","519","외국어"
"272","국내도서","웹 그래픽 디자인","223063","","","Lynda Weinman 지음, 성기원 옮김","안그라픽스","20000218","30,000","27,000","1,500점","536","컴퓨터/모바일"
"273","국내도서","다이렉트 세일즈 99가지 공식","229688","9788988800331","13320","이토우 미츠오","무한","20000428","8,900","8,010","440점","229","경제경영"
"274","국내도서","혼불 5","190359","9788935601240","","최명희 지음","한길사","19961205","7,000","6,300","350점","2167","소설/시/희곡"
"275","국내도서","영어, e-shock으로 하면 우리말보다 더 쉽다","246275","9788988004289","03740","김영수 지음","홍익미디어플러스","20000901","9,000","8,100","450점","636","외국어"
"276","국내도서","Beginning Active Server Pages 3.0","235055","9788976276759","","Chris Ullman 지음, 최광일 옮김","정보문화사","20000525","32,000","28,800","1,600점","457","컴퓨터/모바일"
"277","국내도서","일본인은 왜 종교가 없다고 말하는가","253363","9788976461124","03150","아마 도시마로 지음, 정형 옮김","예문서원","20001030","6,500","6,170","190점","131","인문학"
"278","국내도서","혼불 4","190357","9788935601233","","최명희 지음","한길사","19901101","7,000","6,300","350점","2141","소설/시/희곡"
"279","국내도서","코리아닷컴 2","231756","9788973373291","","김진명 지음","해냄","20000620","7,500","6,750","370점","746","소설/시/희곡"
"280","국내도서","로마인 이야기 길라잡이","209644","9788935652105","","한길사 편집실 엮음","한길사","19991030","7,000","6,300","350점","653","역사"
"281","국내도서","악마","251515","9788972881339","","레오 니콜라예비치 톨스토이 지음, 이나미 옮김","작가정신","20001020","7,000","6,300","350점","98","소설/시/희곡"
"282","국내도서","단순하게 조금 느리게","243771","9788973373307","03810","한수산 지음","해냄","20000720","8,500","7,650","420점","465","에세이"
"283","국내도서","영혼의 의자","253405","9788970340197","03040","게리 주커브 지음, 이화정 옮김","나라원","20001025","7,800","7,020","390점","742","에세이"
"284","국내도서","스콧 니어링 자서전","231103","9788939203860","03840","스콧 니어링 지음, 김라합 옮김","실천문학사","20000501","18,000","16,200","900점","4478","인문학"
"285","국내도서","역사스페셜 1","239673","9788986361377","04910","KBS 역사스페셜 제작팀 지음","효형출판","20000701","6,500","5,850","320점","1454","역사"
"286","국내도서","이중섭, 그대에게 가는 길","250599","9788989348009","","이중섭 지음, 박재삼 옮김","다빈치","20001009","9,000","8,100","450점","153","예술/대중문화"
"287","국내도서","송시열과 그들의 나라","247628","9788934905028","03900","이덕일","김영사","20000905","10,900","9,810","540점","3337","역사"
"288","국내도서","클래식, 아는 만큼 들린다","236444","9788982990977","03900","최영옥 지음","문예마당","20000620","13,000","11,700","650점","902","예술/대중문화"
"289","국내도서","인간의 새벽","255655","9788979192018","04210","토마스 불핀치 지음, 이윤기 옮김","창해","20001110","10,000","9,000","500점","186","인문학"
"290","국내도서","호텔 아프리카 1","172280","","","박희정 지음","서울미디어코믹스(서울문화사)","19951130","3,000","2,700","150점","692","만화"
"291","국내도서","글로벌경쟁시대의 경영전략","196887","9788971892251","","장세진 지음","박영사","20050910","40,000","40,000","1,200점","384","대학교재/전문서적"
"292","국내도서","체 게바라의 라틴 여행 일기","247698","9788988105207","","체 게바라","이후","20000908","9,000","8,100","450점","292","에세이"
"293","국내도서","베르세르크 18","253162","9788952812919","47830","미우라 켄타로 지음","대원씨아이(만화)","20001028","3,500","3,150","170점","285","만화"
"294","국내도서","네트워크 마케팅 이렇게 하면 성공할 수 있다","222103","9788987567556","13320","요시무라 유타카, 설은미","아카데미북","20000229","13,000","11,700","650점","1669","경제경영"
"295","국내도서","153 : 요한복음강해 1","250887","9788970467993","03230","전병욱 지음","규장(규장문화사)","20001005","12,000","10,800","600점","191","종교/역학"
"296","국내도서","어린이 영어 엄마가 가르쳐라 - 하","98697","9788973654710","","김숙희 지음","조선일보사","20040720","13,800","12,420","690점","644","좋은부모"
"297","국내도서","가치이동","3975","9788985509480","03320","이이드리언 J.슬라이워츠키 지음","세종(세종서적)","19960730","12,000","10,800","600점","158","경제경영"
"298","국내도서","기독교 죄악사 -하","245788","9788973430918","03840","조찬선 지음","평단(평단문화사)","20000818","8,000","7,200","400점","202","종교/역학"
"299","국내도서","렉서스와 올리브나무 1","247782","9788979192032","04320","토머스 프리드만","창해","20000921","13,000","11,700","650점","1745","경제경영"
"300","국내도서","네안데르탈인 지하철 타다","253635","9788935652655","","애덤 쿠퍼 지음, 유명기 옮김","한길사","20001020","12,000","10,800","600점","82","인문학"
"301","국내도서","혼불 9","190365","9788935601288","","최명희 지음","한길사","19961205","7,000","6,300","350점","2179","소설/시/희곡"
"302","국내도서","다섯 줌의 쌀","253506","9788988739075","03830","최성현 엮고 옮김","나무심는사람(이레)","20001030","7,500","6,750","370점","193","종교/역학"
"303","국내도서","쎄느강은 좌우를 나누고 한강은 남북을 가른다","195199","9788984310070","","홍세화 지음","한겨레출판","19990531","8,500","7,650","420점","3554","사회과학"
"304","국내도서","오르세 미술관","250620","9788979195170","04060","로랑스 데 카르 외 지음, 김경온 옮김","창해","20001020","9,000","8,100","450점","388","예술/대중문화"
"305","국내도서","연꽃나무가 자라는 배꼽","253185","9788972881346","03810","정호승 외 지음","작가정신","20001001","6,000","5,400","300점","114","소설/시/희곡"
"306","국내도서","무엇을 어떻게 쓸까","51158","9788985494540","","이오덕 지음","보리","19951001","6,000","5,400","300점","689","좋은부모"
"307","국내도서","성공하는 리더를 위한 유머기법 7가지","113266","9788986183276","","김진배 지음","뜨인돌","19971011","7,500","6,750","370점","213","자기계발"
"308","국내도서","혼불 8","190364","9788935601271","","최명희 지음","한길사","19961205","7,000","6,300","350점","2188","소설/시/희곡"
"309","국내도서","맞벌이 엄마의 여유만만 육아법","252649","9788983754844","","정은지 지음","랜덤하우스코리아","20001020","7,500","6,750","370점","96","좋은부모"
"310","국내도서","에펠탑의 검은 고양이","252173","9788935652587","","아라이 만 지음, 김석희 옮김","한길사","20001010","12,000","10,800","600점","173","예술/대중문화"
"311","국내도서","혼불 10","190366","9788935601295","","최명희 지음","한길사","19961205","7,000","6,300","350점","2218","소설/시/희곡"
"312","국내도서","바사라 BASARA 27","253203","","","타무라 유미 지음, 이은주 옮김","서울미디어코믹스(서울문화사)","20001028","3,000","2,700","150점","319","만화"
"313","국내도서","공주를 찾아서 1","252230","9788970752013","","윌리엄 골드만 지음, 신현철 옮김","문학세계사","20001023","7,500","6,750","370점","111","소설/시/희곡"
"314","국내도서","반 고흐, 영혼의 편지","196340","9788995033326","","빈센트 반 고흐 지음, 신성림 옮김","예담","19990620","9,800","8,820","490점","1727","예술/대중문화"
"315","국내도서","Professional XML Applications","206638","9788976276070","","FRANK BOUMPHREY 외 지음","정보문화사","19990917","30,000","27,000","1,500점","332","컴퓨터/모바일"
"316","국내도서","정보처리기사 필기 특별대비","217118","9788931413496","","정진욱 외 지음","영진.com(영진닷컴)","20000105","22,000","19,800","1,100점","197","컴퓨터/모바일"
"317","국내도서","아기와의 소중한 만남을 준비하는 태교동화","237325","9788915022744","","이상배 엮음, 윤미숙.김현정 그림","삼성출판사","20000610","8,500","7,650","420점","608","좋은부모"
"318","국내도서","레지스 르와젤의 피터 팬 - 1,2권 합본 (양장본)","250298","9788986929737","07860","레지스 르와젤 지음, 이재형 옮김","비앤비(B&B)","20000901","14,000","12,600","700점","333","만화"
"319","국내도서","렉서스와 올리브나무 2","247783","9788979192049","04320","토머스 프리드만","창해","20000921","13,000","11,700","650점","1196","경제경영"
"320","국내도서","리눅스 6.2 그대로 따라하기","244184","9788983791795","","서자룡 지음","혜지원","20000725","25,000","22,500","1,250점","222","컴퓨터/모바일"
"321","국내도서","세상의 바보들에게 웃으면서 화내는 방법","208008","9788932902562","03860","움베르토 에코 지음, 이세욱 옮김","열린책들","19991010","9,500","8,550","470점","2695","에세이"
"322","국내도서","나는 한국의 아름다운 왕따이고 싶다","234050","9788983754035","04810","김성주 지음","랜덤하우스코리아","20000520","7,000","6,300","350점","1188","자기계발"
"323","국내도서","만원 투자해서 오억원 만들기","236534","9788995143803","","문양근 지음","아이커뮤니케이션","20000615","10,000","9,000","500점","379","경제경영"
"324","국내도서","그들은 마음을 보고 있었다","253903","9788982813313","03810","세등 지음","문학동네","20001101","7,000","6,300","350점","256","종교/역학"
"325","국내도서","그림 읽어주는 여자","205194","9788976770875","03810","한젬마 지음","명진출판사","19990905","9,800","8,820","490점","3132","예술/대중문화"
"326","국내도서","데이터 스모그","253415","9788937427053","04300","데이비드 솅크 지음, 정태석 외 옮김","민음사","20001020","13,000","11,700","650점","108","컴퓨터/모바일"
"327","국내도서","서비스 수익모델","253434","9788976330895","13320","제임스 헤스켓 지음, 서비스경영연구회 옮김","삼성경제연구소","20001030","18,000","16,200","900점","212","경제경영"
"328","국내도서","내 인생을 바꾼 10번의 만남 1","252548","9788984570290","","애덤 잭슨 지음, 장순용 옮김","동방미디어","20001023","7,500","6,750","370점","230","자기계발"
"329","국내도서","혼불 3","190356","9788935601226","","최명희 지음","한길사","19901101","7,000","6,300","350점","2074","소설/시/희곡"
"330","국내도서","호텔 아프리카 2","172281","","","박희정 지음","서울미디어코믹스(서울문화사)","19961001","3,000","2,700","150점","701","만화"
"331","국내도서","향수 (양장)","251404","9788932903187","03850","파트리크 쥐스킨트 지음, 강명순 옮김","열린책들","20000815","12,800","11,520","640점","23888","소설/시/희곡"
"332","국내도서","번역과 일본의 근대","246938","9788987608150","03910","마루야마 마사오+가토 슈이치 지음, 임성모 옮김","이산","20000825","12,000","10,800","600점","2438","역사"
"333","국내도서","안과학","95461","9788933703496","","윤동호 외","일조각","19990130","35,000","35,000","1,050점","26","대학교재/전문서적"
"334","국내도서","신의 거울","247982","9788934905745","","그레이엄 핸콕 지음, 김정환 옮김, 산타 파이아 사진","김영사","20000815","29,000","26,100","1,450점","619","인문학"
"335","국내도서","Core Java 2 제1권 기초편","202827","9788987318288","","Cay S. Horstmann, Garry Cornell 지음","영한출판사","19990815","26,000","26,000","0점","413","컴퓨터/모바일"
"336","국내도서","호텔 아프리카 5","172284","","","박희정 지음","서울미디어코믹스(서울문화사)","19980402","3,500","3,150","170점","715","만화"
"337","국내도서","꾸벅꾸벅 클래식","219655","9788934904519","74670","공윤조 지음, 최수연 그림","주니어김영사","20000129","5,900","5,310","290점","2099","청소년"
"338","국내도서","티핑 포인트","243036","9788988295526","","말콤 글래드웰 지음, 임옥희 옮김","이끌리오","20000812","12,000","10,800","600점","752","경제경영"
"339","국내도서","모든 것은 기도에서 시작됩니다","203864","9788982732188","03840","마더 데레사 지음, 앤서니 스턴 엮음, 이해인 옮김","황금가지","19990830","12,000","10,800","600점","2081","에세이"
"340","국내도서","오디션 6","245665","9788953230095","","천계영 지음","서울미디어코믹스(서울문화사)","20000817","3,500","3,150","170점","728","만화"
"341","국내도서","우리는 사소한 것에 목숨을 건다 2","224963","9788974470616","","리처드 칼슨 지음, 강미경 옮김","창작시대","20000315","7,500","6,750","370점","676","자기계발"
"342","국내도서","여론읽기 혁명","241751","9788984310308","","손석춘 지음","한겨레출판","20000708","8,500","7,650","420점","352","사회과학"
"343","국내도서","미래와 그 적들","253618","9788986128475","","버지니아 포스트렐 지음, 이희재 옮김","모색","20001001","11,900","10,710","590점","100","사회과학"
"344","국내도서","예수제자 만들기 4","106082","9788972101963","","김성길 지음","예루살렘","19960915","2,000","1,900","100점","59","종교/역학"
"345","국내도서","구운몽 01","253419","9788970591292","","백욱인 외 엮음","안그라픽스","20001020","13,000","11,700","650점","166","컴퓨터/모바일"
"346","국내도서","기업가치를 알면 투자가 보인다","251960","9788989229025","","윤현철 외 지음","시대의창","20001016","9,000","8,100","450점","120","경제경영"
"347","국내도서","아름다운 것은 무엇을 남길까","221933","9788933840511","03810","박완서 지음","세계사","20000131","8,000","7,200","400점","530","에세이"
"348","국내도서","tangerine TOEIC Part Ⅵ","251427","9788989149040","","최종민 지음","니오컴스(네오커뮤니케이션 NEO)","20001011","9,800","8,820","490점","1031","외국어"
"349","국내도서","호텔 아프리카 4","172283","","","박희정 지음","서울미디어코믹스(서울문화사)","19961230","3,000","2,700","150점","718","만화"
"350","국내도서","i모드 비즈니스의 모든것","252774","9788934905998","","EC 연구회 외 지음, 인터넷컨설팅그룹 옮김","김영사","20001001","9,900","8,910","490점","93","경제경영"
"351","국내도서","워드프로세서 3급 필기 특별대비","247558","9788931413328","","강명재 외 공저","영진.com(영진닷컴)","20000610","10,000","9,000","500점","37","컴퓨터/모바일"
"352","국내도서","차이니즈 나이트 2","255518","9788935652686","","강효백 지음","한길사","20001120","8,000","7,200","400점","226","인문학"
"353","국내도서","나폴레옹에서 빌게이츠까지 리더십","255315","9788987948188","","이상원 엮음","거송미디어","20001120","10,000","9,000","500점","70","자기계발"
"354","국내도서","은하영웅전설 4","232258","9788970996349","","다나카 요시키 지음, 윤덕주 옮김","서울문화사","20000428","7,000","6,300","350점","259","소설/시/희곡"
"355","국내도서","도교와 문학 그리고 상상력","255810","9788971842966","03150","정재서 지음","푸른숲","20001115","15,000","13,500","750점","225","소설/시/희곡"
"356","국내도서","워드프로세서 3급 실기","236284","9788940679012","","워드프로세서연구회 지음","크라운출판사","20000510","8,000","7,200","400점","18","컴퓨터/모바일"
"357","국내도서","공자","251714","9788981332235","","차주환 지음","솔출판사","20001016","9,500","8,550","470점","34","역사"
"358","국내도서","세상에서 배우고 싶은 모든 요리","219389","9788995044339","23590","쿠켄 편집부 지음","쿠켄(베스트홈)","19991227","19,800","17,820","990점","1108","요리/살림"
"359","국내도서","소문난 우리집 손뜨개 이야기","233709","9788970901985","23590","송영예 지음","동아일보사","20000517","9,500","8,550","470점","903","건강/취미"
"360","국내도서","영어 공용어화 과연 가능한가","253639","9788970132235","04700","한학성 지음","책세상","20001025","4,900","4,410","240점","251","사회과학"
"361","국내도서","포르노 All Boys Do It","253042","9788980400980","03330","엄기호 지음","우리교육","20001020","7,000","6,300","350점","274","사회과학"
"362","국내도서","NTT 도코모 급성장의 비밀","254174","9788931441062","","오보시 코지 지음, 김효순 옮김","영진.com(영진닷컴)","20001102","9,500","8,550","470점","54","경제경영"
"363","국내도서","나는 불교를 이렇게 본다","27388","9788982640162","03220","김용옥","통나무","19991001","8,500","7,650","420점","724","종교/역학"
"364","국내도서","오직 모를 뿐","192730","9788987480190","03220","현각스님 엮음","물병자리","20001220","15,000","13,500","750점","2732","종교/역학"
"365","국내도서","여행천하 유럽","187691","9788986427110","","배낭박 지음","엘까미노","20000517","15,000","13,500","750점","201","여행"
"366","국내도서","아카필로 1","253465","","","아카필로 편집부 엮음","산해","20001101","7,000","6,300","350점","144","인문학"
"367","국내도서","AOL.COM","249940","9788950904418","","카라 스위셔 지음, 이상원 옮김","21세기북스","20001020","13,000","11,700","650점","219","경제경영"
"368","국내도서","사례로 배우는 외식경영","247250","9788958530732","93320","김우곤 지음","학현사","20070310","18,000","18,000","0점","39","대학교재/전문서적"
"369","국내도서","바닷길은 문화의 고속도로였다","253801","9788971967270","03910","윤명철 지음","사계절","20001028","15,800","14,220","790점","129","역사"
"370","국내도서","아무도 슬프지 않도록","240395","9788972755029","","백창우","현대문학북스","20000701","10,000","9,000","500점","340","소설/시/희곡"
"371","국내도서","후기 마르크스주의","252342","9788935652594","94160","프레드릭 제임슨 지음, 김유동 옮김","한길사","20001015","27,000","25,650","810점","621","사회과학"
"372","국내도서","내 수입으로 부자되고 행복해지는 방법","252060","9788979530735","","한스 제이콥 지음, 박희라 옮김","도서출판 오상","20001015","8,000","7,200","400점","82","경제경영"
"373","국내도서","미켈란젤로의 복수","236833","9788935652433","03850","필리프 반덴베르크 지음, 안인희 옮김","한길사","20000620","8,000","7,200","400점","1282","소설/시/희곡"
"374","국내도서","아름다운 삶, 사랑 그리고 마무리","93675","9788985494724","03840","헬렌 니어링 지음, 이석태 옮김","보리","19971015","9,000","8,100","450점","11517","에세이"
"375","국내도서","그림책 읽어 주세요","21092","9788901018706","04370","조준영 지음","웅진주니어","19960401","5,000","4,500","250점","287","좋은부모"
"376","국내도서","펑키 비즈니스","253597","9788989353003","03320","요나스 리더스트럴러 외 지음, 이진원 옮김","미래의창","20001031","10,000","9,000","500점","159","경제경영"
"377","국내도서","아가페 성경사전 (무색인)","92713","9788974692285","01230","아가페출판사 편집부 엮음","아가페출판사","20010601","23,000","20,700","1,150점","164","종교/역학"
"378","국내도서","차이니즈 나이트 1","255517","9788935652679","03810","강효백 지음","한길사","20001120","8,000","7,200","400점","306","인문학"
"379","국내도서","시장 지향적 기업만이 살아남는다","254798","9788989313021","","조지 데이 지음, 삼성전자 글로벌마케팅연구소 옮김","위즈덤하우스","20001101","13,000","11,700","650점","118","경제경영"
"380","국내도서","달과 6펜스","237763","9788937460388","04840","서머셋 몸 지음, 송무 옮김","민음사","20000620","10,000","9,000","500점","41163","소설/시/희곡"
"381","국내도서","머리가 좋아지는 아이들 방 꾸미기","250681","9788972081340","","나오미 유미리 지음, 홍영의 옮김","삼진기획","20001002","7,500","6,750","370점","196","좋은부모"
"382","국내도서","철학 에세이","142245","9788972975168","03100","조성오 지음, 이우일 그림","동녘","20050630","14,000","12,600","700점","3326","인문학"
"383","국내도서","비빔툰","233919","9788984310230","","홍승우 지음","한겨레출판","20000519","6,500","5,850","320점","2072","만화"
"384","국내도서","종교와 세계관","250808","9788987350288","04200","니니안 스마트 지음, 김윤성 옮김","이학사","20001018","12,000","10,800","600점","832","인문학"
"385","국내도서","우리 안의 파시즘","234814","9788987519364","03300","임지현.권혁범 외 지음","삼인","20000530","8,500","7,650","420점","1797","사회과학"
"386","국내도서","부동산시장에는 블랙먼데이가 없다","247273","9788950904371","","이광회 지음","21세기북스","20000907","10,000","9,000","500점","125","경제경영"
"387","국내도서","개미","218299","9788932902678","","베르나르 베르베르 글, 파트리스 세르 그림, 이세욱 옮김","열린책들","20000112","8,500","7,650","420점","355","만화"
"388","국내도서","토지 (반양장) -전16권","247624","","","박경리 지음","솔출판사","19930601","128,000","115,200","6,400점","155","소설/시/희곡"
"389","국내도서","예수제자 만들기 5","106083","9788972101970","","김성길 지음","예루살렘","19960901","1,800","1,710","90점","53","종교/역학"
"390","국내도서","나는 빠리의 택시운전사","27394","9788936470227","","홍세화 지음","창비","19950301","8,500","7,650","420점","4147","에세이"
"391","국내도서","예수제자 만들기 3","106081","9788972101956","","김성길 지음","예루살렘","19960915","2,000","1,900","100점","58","종교/역학"
"392","국내도서","엄마가 만드는 수학 천재","100010","9788934900238","","김용운 외","김영사","19920125","7,900","7,110","390점","441","좋은부모"
"393","국내도서","강희대제 3","240297","9788987129921","","이월하 지음, 한미화 옮김","출판시대","20000710","7,500","7,500","0점","329","소설/시/희곡"
"394","국내도서","해인의 비밀 1","251517","9788935701841","","최현규 지음","정신세계사","20001003","8,000","7,200","400점","224","소설/시/희곡"
"395","국내도서","내 모든 사랑을 아이에게?","251460","9788988336632","03300","엘리자베트 벡-게른스하임 지음, 이재원 옮김","새물결","20000927","10,000","9,000","500점","192","사회과학"
"396","국내도서","Uno21의 엑셀로 배우는 VB","210086","9788988723067","","허성덕 지음","마이트프레스","19991001","18,000","16,200","900점","965","컴퓨터/모바일"
"397","국내도서","자신을 믿어라","246698","9788988045206","","볼프강 헤를레스","생각의나무","20000825","11,000","9,900","550점","407","자기계발"
"398","국내도서","행복을 부르는 12가지 주문","254399","9788973373420","03840","글렌 밴 에케렌 지음, 노은정 옮김","해냄","20001105","8,000","7,200","400점","105","자기계발"
"399","국내도서","호텔 아프리카 3","172282","","","박희정 지음","서울미디어코믹스(서울문화사)","19961230","3,000","2,700","150점","676","만화"
"400","국내도서","해외여행 가서 꼭 먹어야 할 음식 130가지","254361","9788952708823","","한복진 외 지음","시공사","20001120","9,000","8,100","450점","238","여행"
"401","국내도서","퍼미션 마케팅","231105","9788950904241","13320","세스 고딘 지음, 이상필 옮김","21세기북스","20000518","12,000","10,800","600점","621","경제경영"
"402","국내도서","앰버 연대기 4","252921","9788986834772","","로저 젤라즈니 지음, 김상훈 옮김","예문","20001023","7,500","6,750","370점","439","소설/시/희곡"
"403","국내도서","두물머리","236979","9788937403484","","이윤기 지음","민음사","20000619","7,500","6,750","370점","477","소설/시/희곡"
"404","국내도서","그림으로 쉽게 이해하는 E-CRM 마케팅","252278","","","사와노보리 히데아키 지음, 김형곤 옮김","국일증권경제연구소","20001002","9,000","8,100","450점","61","경제경영"
"405","국내도서","혼불 2","190355","9788935601219","","최명희 지음","한길사","19901101","7,000","6,300","350점","2016","소설/시/희곡"
"406","국내도서","About Network 구축과 활용","239876","9788931414875","","노정민 외 지음","영진.com(영진닷컴)","20000630","28,000","25,200","1,400점","239","컴퓨터/모바일"
"407","국내도서","앰버 연대기 5","252925","9788986834789","04840","로저 젤라즈니 지음, 김상훈 옮김","예문","20001023","7,500","6,750","370점","475","소설/시/희곡"
"408","국내도서","tangerine TOEIC Part Ⅱ","246816","9788989149026","","변진협 지음","니오컴스(네오커뮤니케이션 NEO)","20020601","15,200","13,680","760점","848","외국어"
"409","국내도서","아라리 난장 2","236332","9788974561390","","김주영 지음","문이당","20000620","8,000","7,200","400점","324","소설/시/희곡"
"410","국내도서","뼛속까지 내려가서 써라","237753","9788956990316","03810","나탈리 골드버그 지음, 권진욱 옮김","한문화","20050424","11,000","9,900","550점","2979","인문학"
"411","국내도서","인연","119566","9788946405264","","피천득 지음","샘터사","19960501","8,000","7,200","400점","590","에세이"
"412","국내도서","화성남자 금성여자의 사랑의 완성","209198","9788986632323","","존 그레이 지음","들녘미디어","19991015","9,000","8,100","450점","711","인문학"
"413","국내도서","존재하지 않는 나무","253625","9788912521455","","이형기 지음","고려원(고려원미디어)","20001010","7,000","6,300","350점","41","에세이"
"414","국내도서","JSP 웹 프로그래밍","253200","9788980780976","","박동혁 지음","가메출판사","20001215","25,000","22,500","1,250점","130","컴퓨터/모바일"
"415","국내도서","잎만 아름다워도 꽃대접을 받는다","241519","9788970902036","03800","이윤기 지음","동아일보사","20000712","7,500","6,750","370점","465","예술/대중문화"
"416","국내도서","새로운 소박함에 대하여","247535","9788985554527","","레기네 슈나이더 지음, 조원규 옮김","여성신문사","20000910","8,000","7,200","400점","232","자기계발"
"417","국내도서","공생충","250208","9788901031095","","무라카미 류 지음, 양억관 옮김","웅진지식하우스","20000930","6,800","6,120","340점","213","소설/시/희곡"
"418","국내도서","Visual C++ Programming Bible ver 6.X","186401","9788931410426","","이상엽 지음","영진.com(영진닷컴)","20010130","45,000","40,500","2,250점","695","컴퓨터/모바일"
"419","국내도서","촌놈, 김용택 극장에 가다","220456","9788987905129","03810","김용택","자음과모음(이룸)","20000207","7,900","7,110","390점","384","예술/대중문화"
"420","국내도서","문화로 보면 역사가 달라진다","243934","9788970132068","04910","조한욱 지음","책세상","20000725","8,900","8,010","440점","2677","역사"
"421","국내도서","잉칼 2","250043","9788970853260","","뫼비우스 외 지음, 이세욱 옮김","교보문고(교재)","20000925","11,500","11,500","340점","327","만화"
"422","국내도서","반지전쟁 3","57398","9788986834451","03840","존 로날드 로웰 톨킨 지음, 김번 외 옮김","예문","19981001","7,500","6,750","370점","515","소설/시/희곡"
"423","국내도서","은하영웅전설 외전 2","250684","9788953295032","","다나카 요시키 지음, 윤덕주 옮김","서울문화사","20000928","6,500","5,850","320점","166","소설/시/희곡"
"424","국내도서","유교 자본주의 민주주의","251663","9788988164105","93340","함재봉 지음","전통과현대","20001005","9,000","8,100","450점","140","대학교재/전문서적"
"425","국내도서","배스트 트레이더 베스트 트레이딩","252348","9788984850118","","정영근 지음","진리탐구","20001020","18,000","16,200","900점","40","경제경영"
"426","국내도서","지글보글 맛있는 글쓰기","230794","9788995139806","63370","정성현 지음","아이북","20000510","8,500","7,650","420점","2199","좋은부모"
"427","국내도서","Step by Step 한글액세스 2000","202393","9788976275912","","CATAPULT 지음, 배진수 옮김","정보문화사","19990813","10,000","9,000","500점","93","컴퓨터/모바일"
"428","국내도서","Taeyo's ASP 입문","222860","9788988751237","13020","김태영 지음","삼양출판사","20000220","13,000","11,700","650점","748","컴퓨터/모바일"
"429","국내도서","반지전쟁 5","57400","9788986834475","03840","존 로날드 로웰 톨킨 지음, 김번 외 옮김","예문","19981001","7,500","6,750","370점","517","소설/시/희곡"
"430","국내도서","빌 게이츠@생각의 속도","191359","9788935203673","03320","빌 게이츠 지음, 안진환 옮김, 이규행 감역","청림출판","19990510","13,000","11,700","650점","2712","경제경영"
"431","국내도서","아웃사이더를 위하여","215347","9788985304511","","김규항 김정란 진중권 홍세화 지음","아웃사이더","19991125","7,000","6,300","350점","807","사회과학"
"432","국내도서","한 사람을 사랑했네","218244","9788954406871","","이정하 지음","자음과모음","20051019","7,500","6,750","370점","504","소설/시/희곡"
"433","국내도서","죽도록 원하는가 그러면 해낼 수 있다","253081","9788971842959","","댄 클라크 지음, 이창식 옮김","푸른숲","20001025","7,000","6,300","350점","168","에세이"
"434","국내도서","C 언어 30일 완성","254997","9788931415421","","한상홍,윤지현 지음","영진.com(영진닷컴)","20001101","17,000","15,300","850점","178","컴퓨터/모바일"
"435","국내도서","호모 리테라리우스","253904","9788984070448","","대니얼 버트 지음, 김지원 옮김","세종(세종서적)","20001101","18,000","16,200","900점","35","인문학"
"436","국내도서","은하영웅전설 3","231212","9788970996332","","다나카 요시키 지음, 윤덕주 옮김","서울문화사","20000328","7,000","6,300","350점","257","소설/시/희곡"
"437","국내도서","서버 관리자를 위한 리눅스 네트워크 - 레퍼런스 바이블","250379","9788983970565","","김칠봉 외 지음","베스트북","20000921","25,000","22,500","1,250점","180","컴퓨터/모바일"
"438","국내도서","인권은 교문 앞에서 멈춘다","253037","9788980400935","03330","배경내 지음","우리교육","20001020","7,000","6,300","350점","689","사회과학"
"439","국내도서","사명 돈 의미","254938","9788986052985","","스테반 아터번 지음, 김성웅 옮김","낮은울타리","20001110","7,500","7,500","0점","64","자기계발"
"440","국내도서","부자는 20대에 결정된다","249162","9788989222057","03320","요코다 하마오 지음, 장미화 옮김","좋은책만들기","20001001","8,000","7,200","400점","1262","경제경영"
"441","국내도서","뿌리를 찾는 한자 2350 2","253080","9788973652808","","전광진 지음","조선일보사","20001014","9,000","8,100","450점","208","외국어"
"442","국내도서","플래시 액션 스크립트","245749","9788931415131","","우성훈 지음","영진.com(영진닷컴)","20000801","15,000","13,500","750점","148","컴퓨터/모바일"
"443","국내도서","소명","249604","9788932820989","93230","오스 기니스 지음, 홍병룡 옮김","IVP","20060614","15,000","13,500","750점","3304","종교/역학"
"444","국내도서","신들의 전성시대","247263","9788979191974","04210","토마스 불핀치 지음, 이윤기 옮김","창해","20000909","10,000","9,000","500점","291","인문학"
"445","국내도서","내 생애 단 한번","248644","9788946413139","03810","장영희 지음","샘터사","20000925","7,500","6,750","370점","8740","에세이"
"446","국내도서","경제신어사전 2000","212110","9788974421687","","매일경제 엮음","매일경제신문사","19991125","13,000","11,700","650점","163","경제경영"
"447","국내도서","오른쪽 두뇌로 그림그리기","246773","9788989004035","03650","베티 에드워즈 지음, 강은엽 옮김","나무숲","20000820","20,000","18,000","1,000점","1420","예술/대중문화"
"448","국내도서","강희대제 2","240296","9788987129914","","이월하 지음, 한미화 옮김","출판시대","20000710","7,500","7,500","0점","334","소설/시/희곡"
"449","국내도서","외국어 나도 잘할 수 있다","247929","9788973652761","","최정화 지음","조선일보사","20000905","7,500","6,750","370점","372","외국어"
"450","국내도서","CDMA 무선기술","244387","9788931703757","93560","이상근 외 지음","세화(도서출판)","20000301","17,000","15,300","850점","68","과학"
"451","국내도서","어느 무명 철학자의 유쾌한 행복론","252524","9788972321170","","전시륜 지음","명상","20031005","8,000","7,200","400점","1256","에세이"
"452","국내도서","세상에서 가장 아름다운 이야기","80629","","","황순원 외 지음","동쪽나라(=한민사)","19900901","5,000","4,500","250점","72","소설/시/희곡"
"453","국내도서","오노레 도미에","255717","9788971390382","03650","박홍규 지음","소나무","20001109","12,000","10,800","600점","261","역사"
"454","국내도서","인디언의 복음","236322","9788974430269","03800","E. T. 시튼 지음, 김원중 옮김","두레","20000609","8,500","7,650","420점","515","인문학"
"455","국내도서","ASP 3.0 Bible","251088","9788931415339","","안우길 외 지음","영진.com(영진닷컴)","20001001","32,000","28,800","1,600점","155","컴퓨터/모바일"
"456","국내도서","신의 아이들은 모두 춤춘다","245163","9788970123592","03830","무라카미 하루키 지음, 김유곤 옮김","문학사상사","20000801","9,000","8,100","450점","918","소설/시/희곡"
"457","국내도서","영어공부 절대로 하지마라! - 주니어용 듣기와 받아쓰기","210415","9788986167559","13740","정찬용","사회평론","19991101","9,800","8,820","490점","2527","외국어"
"458","외국도서","Person to Person, Third Edition Level 1: Student Book (with Student Audio CD) (Package)","182306","9780194302128","","Jack C. Richards 외 지음","Oxford Univ Pr","20050818","19,500","16,570","830점","618","ELT/어학/사전"
"459","국내도서","거미여인의 키스","236957","9788937460371","04870","마누엘 푸익 지음, 송병선 옮김","민음사","20000612","13,000","11,700","650점","9332","소설/시/희곡"
"460","국내도서","작은 인디언의 숲","210950","9788974430207","03840","어니스트 톰슨 시튼 지음, 햇살과나무꾼 옮김","두레","19991112","9,800","8,820","490점","1490","고전"
"461","국내도서","전태일 평전","128759","9788971990650","","조영래 지음","돌베개","19830601","6,000","6,000","60점","409","사회과학"
"462","국내도서","아라리 난장 1","236331","9788974561383","","김주영 지음","문이당","20000620","8,000","7,200","400점","335","소설/시/희곡"
"463","국내도서","Lingua TOEFL CBT Test Book II","252829","9788989260202","","링구아포럼 리서치센터 지음","링구아포럼","20030401","28,000","25,200","1,400점","399","외국어"
"464","국내도서","개마고원에서 온 친구에게","253977","9788932012063","02810","신대철 지음","문학과지성사","20001031","7,000","6,300","350점","255","소설/시/희곡"
"465","국내도서","혼불 1","190354","9788935601202","","최명희 지음","한길사","19901101","7,000","6,300","350점","2137","소설/시/희곡"
"466","국내도서","척추건강체조","250304","9788978492133","","삼호미디어 편집부 엮음","삼호미디어","20000901","8,000","7,200","400점","153","건강/취미"
"467","국내도서","돌아가고 싶은 날들의 풍경","228353","9788979301557","03810","이정하 지음","고려문화사","20000415","8,000","7,200","400점","724","에세이"
"468","국내도서","Tangerine TOEIC Part Ⅴ","247462","9788989149033","","최종민 지음","니오컴스(네오커뮤니케이션 NEO)","20000906","9,800","8,820","490점","1132","외국어"
"469","국내도서","TAEYO'S ASP","203741","9788988751152","13020","김태영 지음","삼양출판사","20030215","20,000","18,000","1,000점","1777","컴퓨터/모바일"
"470","국내도서","개인투자가를 위한 주식 @ 살 때와 팔 때","200066","9788947522823","03320","한국경제신문증권부 지음","한국경제신문","19990720","9,000","8,100","450점","640","경제경영"
"471","국내도서","오두막 편지","215589","9788985599214","","법정 지음","이레","19991215","7,000","6,300","350점","1922","종교/역학"
"472","국내도서","장미의 이름 - 하","241937","9788932906768","04880","움베르토 에코 지음, 이윤기 옮김","열린책들","20080430","15,800","14,220","790점","8019","소설/시/희곡"
"473","국내도서","내 영혼이 따뜻했던 날들","30184","9788988404027","","포리스트 카터 지음, 조경숙 옮김","아름드리미디어","19980815","6,500","5,850","320점","8437","소설/시/희곡"
"474","국내도서","1/200,000 도로지도 - 종합생활지도","231755","9788939000476","","성지문화사 편집부 지음","성지문화사","19961001","20,000","18,000","1,000점","41","여행"
"475","국내도서","엣센스 한영사전 (4판)","214629","9788938704436","11740","민중서림 편집국 엮음","민중서림","20180110","47,000","42,300","2,350점","3751","외국어"
"476","국내도서","반지전쟁 4","57399","9788986834468","","존 로날드 로웰 톨킨 지음, 김번 외 옮김","예문","19981001","7,500","6,750","370점","503","소설/시/희곡"
"477","국내도서","티벳속으로 (INTO TIBET)","251237","9788985599375","","여동완 지음","이레","20001010","15,000","13,500","750점","384","여행"
"478","국내도서","아라리 난장 3","236333","9788974561406","","김주영 지음","문이당","20000620","8,000","7,200","400점","326","소설/시/희곡"
"479","국내도서","걸림돌을 디딤돌로 삼아라","254861","9788985599344","","신시아 커지 지음, 김석희 옮김","이레","20001110","9,000","8,100","450점","274","에세이"
"480","국내도서","1:100,000 도로지도","198956","9788939000650","","성지문화사 편집부 편저","성지문화사","20020101","20,000","18,000","1,000점","819","여행"
"481","국내도서","먹어라 그렇지 않으면 먹힌다","250617","9788995087251","","필 포터 지음, 최인자 옮김","굿모닝미디어","20001005","12,000","10,800","600점","623","자기계발"
"482","국내도서","클릭, 서양미술사","247344","9788970841519","03600","캐롤 스트릭랜드 지음, 김호경 옮김","예경","20000828","23,000","21,850","1,150점","1679","예술/대중문화"
"483","국내도서","아리랑 9","189821","9788973370511","","조정래","해냄","19950201","6,800","6,120","340점","190","소설/시/희곡"
"484","국내도서","절 알고 보니 세상 속에 있더라","233620","9788995098400","","성재도 글,사진","날마다좋은날","19991111","5,000","4,500","250점","313","종교/역학"
"485","국내도서","아발론의 안개 1","251091","9788955120042","","매리언 짐머 브래들리 지음, 나채성 옮김","이야기(자음과모음)","20001009","8,500","7,650","420점","91","소설/시/희곡"
"486","국내도서","신좌파의 상상력 : 세계적 차원에서 본 1968","194836","9788988105085","","조지 카치아피카스 지음, 이재원 이종태 옮김","이후","19990521","14,000","12,600","700점","333","역사"
"487","국내도서","청정 건강법","225764","9788987203171","03800","정윤조 지음","양문","20000315","8,700","7,830","430점","309","건강/취미"
"488","국내도서","예제로 이해하는 C프로그래밍","224140","9788977311459","","이민우 지음","비앤씨","20000318","17,000","15,300","850점","181","컴퓨터/모바일"
"489","국내도서","공주를 찾아서 2","252245","9788970752020","","윌리엄 골드만 지음, 신현철 옮김","문학세계사","20001023","7,500","6,750","370점","99","소설/시/희곡"
"490","국내도서","광기의 역사","13914","9788974185114","03160","미셸 푸꼬 지음","인간사랑","19991220","12,000","11,400","600점","2427","대학교재/전문서적"
"491","국내도서","은하영웅전설 5","232260","9788970996356","","다나카 요시키 지음, 윤덕주 옮김","서울문화사","20000428","7,000","6,300","350점","257","소설/시/희곡"
"492","국내도서","마담 보바리","223125","9788937460364","04860","귀스타브 플로베르 지음, 김화영 옮김","민음사","20000225","12,000","10,800","600점","12481","소설/시/희곡"
"493","국내도서","Professional Visual Basic 6 Web Programming","255550","9788976277701","","Jerry Ablan 외 지음, 류광 옮김","정보문화사","20001111","35,000","31,500","1,750점","104","대학교재/전문서적"
"494","국내도서","CRM 경영혁명","250955","9788986225938","","송현수 지음","새로운제안","20001010","9,000","8,100","450점","119","경제경영"
"495","국내도서","KISS 5","219378","9788953232556","47830","마츠모토 토모 지음","서울미디어코믹스(서울문화사)","20000101","3,000","2,700","150점","768","만화"
"496","국내도서","자신이 바라는 존재가 되라","251156","9788976850898","03840","컬린 터너 지음, 이용일 옮김","현대미디어","20001002","8,000","7,200","400점","151","자기계발"
"497","국내도서","키다리 아저씨","250621","9788931004595","","진 웹스터 지음, 한영환 옮김","문예출판사","20040515","6,500","5,850","320점","828","소설/시/희곡"
"498","국내도서","라비헴 폴리스 1","244588","9788952711106","","강경옥 지음","시공사(만화)","20000715","3,500","3,150","170점","137","만화"
"499","국내도서","수학 먹는 달팽이","250086","9788972912750","03410","아르망 에르스코비치 지음, 문선영 옮김, 정동명 감수","까치","20001002","15,000","13,500","750점","718","과학"
"500","국내도서","신의 지문 -하","90492","9788972911265","03380","그레이엄 핸콕","까치","19960710","13,000","11,700","650점","1451","인문학"
"501","국내도서","푸코와 치아","253508","9788946027954","03330","사라 네틀턴 지음, 대한치과의사학회 엮음","한울(한울아카데미)","20001025","12,000","12,000","600점","64","대학교재/전문서적"
"502","국내도서","천재 유교수의 생활 16","252254","9788925853291","07650","야마시타 카즈미 지음","학산문화사(만화)","20001020","4,200","3,780","210점","455","만화"
"503","국내도서","미야모토 무사시의 전략경영","254561","9788987162331","","미야모토 무사시 지음, 안수경 옮김","사과나무","20001030","7,000","6,300","350점","118","자기계발"
"504","국내도서","그들은 그래서 부자가 되었다","247166","9788989197058","","마틴 프리드슨 지음, 김선희 옮김","롱셀러","20000902","12,000","10,800","600점","125","경제경영"
"505","국내도서","마음을 열어주는 101가지 이야기 1","46103","9788985599061","03840","잭 캔필드 외 지음, 류시화 옮김","이레","19961020","9,800","8,820","490점","836","에세이"
"506","국내도서","골프스윙 완성","11502","9788978490160","03690","데이비드 리드베터 지음","삼호미디어","19990820","25,000","22,500","1,250점","326","건강/취미"
"507","국내도서","철학으로 마음의 병을 치료한다","252998","9788973373437","","루 매리노프 지음, 이종인 옮김","해냄","20001030","12,000","10,800","600점","215","인문학"
"508","국내도서","원효의 대승기신론 소.별기","254043","9788931200409","93220","은정희 옮김","일지사","19910501","26,000","25,220","0점","516","대학교재/전문서적"
"509","국내도서","강희대제 1","240294","9788987129907","","이월하 지음, 한미화 옮김","출판시대","20000710","7,500","7,500","0점","337","소설/시/희곡"
"510","국내도서","당신이 그리운 건 내게서 조금 떨어져 있기 때문입니다","198772","9788979440997","","이정하 외","책만드는집","19990703","5,000","4,500","250점","388","소설/시/희곡"
"511","외국도서","우리 할아버지 - 영어 비디오테이프","254153","","","존 버닝햄 지음","인피니스","20001101","18,000","16,200","490점","166","어린이"
"512","국내도서","사랑은 지독한, 그러나 너무나 정상적인 혼란","200840","9788988336274","03300","울리히 벡.벡-게른스하임 지음, 강수영 외 옮김","새물결","19990725","23,000","20,700","1,150점","2824","사회과학"
"513","국내도서","PC 필수 유틸리티 무작정 따라하기","208964","9788975600425","","이순원 지음","길벗","19990920","13,800","12,420","690점","116","컴퓨터/모바일"
"514","국내도서","Professional Java XML Programming","246737","9788976276711","","Alexander Nakhimovsky, Tom Myers 지음 | 유진희, 박성준 옮김","정보문화사","20000821","32,000","28,800","1,600점","111","컴퓨터/모바일"
"515","국내도서","오래된 미래","247900","","","헬레나 노르베리-호지 지음, 김태언 외 옮김","녹색평론사","20000820","7,000","6,300","350점","248","사회과학"
"516","국내도서","미야자키 하야오는 이렇게 창작한다!","222064","9788952702210","","황의웅 지음","시공사","20000115","12,000","10,800","600점","149","예술/대중문화"
"517","국내도서","야담 삼천리","252533","9788932310671","","평양사회과학원민족고전연구소 엮음","현암사","20001018","7,800","7,020","390점","131","에세이"
"518","국내도서","디즈니 꿈의 경영","251518","9788950904449","13320","빌 캐포더글리 외 지음, 이호재 외 옮김","21세기북스","20001010","12,000","10,800","600점","250","경제경영"
"519","국내도서","외딴 마을의 빈집이 되고 싶다","211650","9788970632117","","이해인 지음","열림원","19991122","5,000","4,500","250점","608","소설/시/희곡"
"520","국내도서","정신의 탐험가들","245800","9788971842904","03180","슈테판 츠바이크 지음, 안인희 옮김","푸른숲","20000820","13,000","11,700","650점","331","인문학"
"521","국내도서","프리젠테이션 오! 프리젠테이션","213407","9788934904465","","한정선 지음","김영사","19991127","9,800","8,820","490점","360","자기계발"
"522","국내도서","무선인터넷 어플리케이션 프로그래밍","247828","9788988751367","","김대송 외 지음","삼양출판사","20000825","23,000","20,700","1,150점","110","컴퓨터/모바일"
"523","국내도서","나의 No를 Yes로 바꿔라","252349","9788983754868","","스테판 M. 폴란 지음, 형선호 옮김","랜덤하우스코리아","20001020","9,000","8,100","450점","65","자기계발"
"524","국내도서","강희대제 4","245743","9788987129938","","이월하 지음, 한미화 옮김","출판시대","20000810","7,500","7,500","0점","291","소설/시/희곡"
"525","국내도서","살아있는 신의 탄생","226970","9788987279145","93180","애너-마리아 리주토 지음","한국심리치료연구소","20000315","15,000","15,000","450점","563","인문학"
"526","국내도서","웹 사이트 구축을 위한 인포메이션 아키텍처","206520","9788979140347","","Louis Rosenfeld 지음, 김화수 옮김","한빛미디어","19990213","15,000","13,500","750점","449","컴퓨터/모바일"
"527","국내도서","도쿠가와 이에야스의 인간경영","225346","9788972881216","","도몬 후유지","작가정신","20000315","8,000","7,200","400점","1123","자기계발"
"528","국내도서","종교적 믿음에 대한 몇 가지 철학적 반성","250787","9788970132204","04110","이태하 지음","책세상","20000925","4,900","4,410","240점","454","종교/역학"
"529","국내도서","오르간 음악의 해석","247410","9788913009136","93670","VIKTOR LUKAS 지음","음악춘추사","20000801","24,000","22,800","1,200점","30","예술/대중문화"
"530","국내도서","갤러리 페이크 7","255623","9788953201774","07830","후지히코 호소노 지음","서울미디어코믹스(서울문화사)","20001116","3,000","2,700","150점","344","만화"
"531","국내도서","유물은 스스로 말하지 않는다","249495","9788987787237","03900","이인숙 외 지음","푸른역사","20000930","10,000","9,000","500점","187","역사"
"532","국내도서","PC 조립 업그레이드 무작정 따라하기","229197","9788975600517","","이순원 지음","길벗","20000515","16,000","14,400","800점","244","컴퓨터/모바일"
"533","국내도서","당신도 경제박사","245824","9788974421823","03320","매일경제 편집국 엮음","매일경제신문사","20000825","8,000","7,200","400점","118","경제경영"
"534","국내도서","한배에서 나온 애가 왜 이렇게 다르지?","246961","9788995137703","03370","메리 월러스 지음, 이혜경 옮김","아라크네","20000901","9,300","8,370","460점","167","좋은부모"
"535","국내도서","지금 시작하자, 늦었다고 생각한 순간이 가장 빠른 때다","207086","9788919011959","","나까지마 가오루 지음, 이송희 옮김","학원사","19990930","7,500","6,750","370점","154","자기계발"
"536","국내도서","도시속 신선이야기","39118","9788987779003","","민경환 지음","석문출판사","20021015","8,800","7,920","440점","53","에세이"
"537","국내도서","마케팅 불변의 법칙","202379","9788985172240","13330","알 리스, 잭 트라우트 지음, 박길부 옮김","십일월출판사","20000801","12,000","10,800","600점","5050","경제경영"
"538","국내도서","은하영웅전설 6","236857","9788970996363","","다나카 요시키 지음, 윤덕주 옮김","서울문화사","20000526","7,000","6,300","350점","251","소설/시/희곡"
"539","국내도서","이민가지 않고도 우리 자녀 인재로 키울 수 있다","253207","9788995094037","","조벽 외 지음","한단북스","20001030","9,800","9,800","0점","138","좋은부모"
"540","국내도서","Professional Active Server Pages 3.0","239773","9788976276681","","Alex Homer 외 지음, 정동원 옮김","정보문화사","20000624","40,000","36,000","2,000점","337","컴퓨터/모바일"
"541","국내도서","최경숙의 20년 빵맛","213121","9788970995472","","최경숙 지음","서울문화사","19991125","9,800","8,820","490점","677","요리/살림"
"542","국내도서","만행 2","209795","9788970632087","","현각 지음, 김홍희 사진","열림원","19991105","7,000","6,300","350점","1879","종교/역학"
"543","국내도서","백만장자 마인드 1","244313","9788987871547","","토머스 J. 스탠리 지음, 장석훈 옮김","북하우스","20000801","9,000","8,100","90점","688","자기계발"
"544","국내도서","베르세르크 17","249276","9788952811684","47650","미우라 켄타로","대원씨아이(만화)","20000926","3,500","3,150","170점","312","만화"
"545","국내도서","Professional PHP Programming","232499","9788976276704","","Castagnetto 지음, 김권식 옮김","정보문화사","20000508","35,000","31,500","1,750점","165","컴퓨터/모바일"
"546","국내도서","강희대제 5","245741","9788987129945","","이월하 지음, 한미화 옮김","출판시대","20000810","7,500","7,500","0점","296","소설/시/희곡"
"547","국내도서","은하영웅전설 10","245887","9788970996400","","다나카 요시키 지음, 윤덕주 옮김","서울문화사","20000110","7,000","6,300","350점","230","소설/시/희곡"
"548","국내도서","오후 3시 어디에도 행복은 없다","255485","9788932012056","03810","차현숙 지음","문학과지성사","20001030","7,500","6,750","370점","146","소설/시/희곡"
"549","국내도서","길에서 주운 생각들","251038","9788987519920","03810","이아무개 지음","삼인","20001006","12,000","10,800","600점","369","에세이"
"550","국내도서","강희대제 9","253744","9788987129983","","이월하 지음, 한미화 옮김","출판시대","20001020","7,500","7,500","0점","292","소설/시/희곡"
"551","국내도서","아름다운 출산","254556","9788978590075","","김의숙 지음","은율","20001104","9,800","8,820","490점","206","좋은부모"
"552","국내도서","JAVA Network Programming","235047","9788980544134","","고려대학교 시스템연구회 엮음","인포북","20010110","30,000","27,000","1,500점","447","컴퓨터/모바일"
"553","국내도서","첫사랑","251894","9788933801215","03810","이순원 지음","세계사","20001012","8,000","7,200","400점","101","소설/시/희곡"
"554","국내도서","지금 당장 시작하라","236244","9788988803318","","배리 파버 지음, 김한영 옮김","씨앗을뿌리는사람","20000701","8,500","7,650","420점","335","자기계발"
"555","국내도서","낙타는 십리밖 물냄새를 맡는다","250084","9788981333829","03810","허만하 지음","솔출판사","20001005","8,500","7,650","420점","458","에세이"
"556","국내도서","아들, 제대로 알고 잘 키우기","201015","9788995048900","03370","카나모리 우라코. 야마자키 마사야스 지음, 김숙 옮김","북뱅크","19990805","6,000","5,400","300점","1034","좋은부모"
"557","국내도서","그림으로보는 모바일 컴퓨팅","223421","9788970853048","","일본멀티미디어 통신연구회 엮음","교보문고(교재)","20000216","18,000","18,000","540점","72","컴퓨터/모바일"
"558","국내도서","강희대제 7","253742","9788987129969","","이월하 지음, 한미화 옮김","출판시대","20001020","7,500","7,500","0점","294","소설/시/희곡"
"559","국내도서","KISS 4","213417","9788953232549","47830","마츠모토 토모 지음","서울미디어코믹스(서울문화사)","19991127","3,000","2,700","150점","769","만화"
"560","국내도서","내 인생을 바꾼 10번의 만남 2","252564","9788984570306","","애덤 잭슨 지음, 장순용 옮김","동방미디어","20001023","7,500","6,750","370점","129","자기계발"
"561","국내도서","라비헴 폴리스 3","244814","9788952711120","","강경옥 지음","시공사(만화)","20000715","3,500","3,150","170점","130","만화"
"562","국내도서","엄마 분식점","253746","9788983755032","","중앙M&B 편집부 지음","랜덤하우스코리아","20001027","7,800","7,020","390점","118","요리/살림"
"563","국내도서","아직도 영어공부 하니?","236231","9788986167658","","정찬용 지음","사회평론","20000613","6,500","5,850","320점","1220","외국어"
"564","국내도서","빵굽는 타자기","246916","9788932903224","03840","폴 오스터 지음, 김석희 옮김","열린책들","20000830","15,800","14,220","790점","3292","소설/시/희곡"
"565","국내도서","KISS 1","180666","9788953232518","47830","마츠모토 토모 지음","서울미디어코믹스(서울문화사)","19980509","3,000","2,700","150점","823","만화"
"566","국내도서","Oxford Advanced Learner's Dictionary with Genie CD","234368","","","Sally Wehmeier 외 엮음","Oxford(옥스포드)","20000501","38,000","34,200","1,900점","408","외국어"
"567","국내도서","선물, 옵션 기초에서 실전매매까지","253837","9788988800522","","주제식 지음","무한","20001001","11,900","10,710","590점","120","경제경영"
"568","국내도서","송영예의 너무 쉽고 예쁜 손뜨개","205534","9788970901831","23590","송영예 지음","동아일보사","19990901","9,500","8,550","470점","1376","건강/취미"
"569","국내도서","세상에서 가장 아름다운 SEX","235670","9788988804117","","래리 고닉 그림, 크리스틴 디볼트 글, 변영우 옮김","궁리","20000502","8,000","7,200","400점","561","인문학"
"570","국내도서","세계의 유사신화","252170","9788984070431","","J. F. 비얼레인 지음, 현준만 옮김","세종(세종서적)","20001020","13,000","11,700","650점","124","인문학"
"571","국내도서","한권으로 읽는 고구려왕조실록","252908","9788901031149","","박영규 지음","웅진지식하우스","20001018","10,000","9,000","500점","174","역사"
"572","국내도서","신자유주의의 역사와 진실","226670","9788986598131","93300","강상구 지음","문화과학사","20080731","16,000","14,400","800점","1273","사회과학"
"573","국내도서","나는 고발한다","250914","9788984310360","","김영명 지음","한겨레출판","20001001","7,500","6,750","370점","203","사회과학"
"574","국내도서","늘푸른계절","34289","9788938901040","","한국대학생선교회","순출판사","19960715","3,000","2,700","150점","40","종교/역학"
"575","국내도서","주서백선","247907","9788984941052","03150","주자사상연구회 엮음","혜안","20000830","20,000","19,000","570점","140","인문학"
"576","국내도서","치자꽃 향기 코끝을 스치더니","242525","9788937424618","04820","이병한 엮음","민음사","20000720","12,000","10,800","600점","787","소설/시/희곡"
"577","외국도서","Longman Dictionary of Contemporary English (3판)","198688","9780582308725","","Longman 편집부 엮음","Oxford(옥스포드)","20000101","38,000","32,300","970점","166","교육/자료"
"578","국내도서","베르세르크 16","245847","9788925255224","07830","미우라 켄타로 지음","대원씨아이(만화)","20000819","4,500","4,050","220점","332","만화"
"579","국내도서","세기의 걸작 오페라를 찾아서","187652","9788972881049","","이덕희 지음","작가정신","19990402","12,000","10,800","600점","162","청소년"
"580","국내도서","시뮬라크르의 시대","187364","9788934001478","","이정우 지음","거름","20000415","9,800","8,820","490점","370","인문학"
"581","국내도서","은하영웅전설 2","231210","9788970996325","","다나카 요시키 지음, 윤덕주 옮김","서울문화사","20000328","7,000","6,300","350점","182","소설/시/희곡"
"582","국내도서","마음을 비우면 세상이 보인다","233868","9788974561369","","텐진 갸초 지음, 공경희 옮김","문이당","20000525","7,000","6,300","350점","356","종교/역학"
"583","국내도서","태백산맥 1","190183","9788973370771","","조정래","해냄","19950101","6,800","6,120","340점","368","소설/시/희곡"
"584","국내도서","한권으로 읽는 백제왕조실록","252893","9788901031125","","박영규 지음","웅진지식하우스","20001018","10,000","9,000","500점","209","역사"
"585","국내도서","남편과 함께하는 태교 데이트","240305","9788983754448","","김창규 지음","랜덤하우스코리아","20000705","8,000","7,200","400점","1119","좋은부모"
"586","국내도서","알기쉬운 원가이야기","250383","9788947523172","","정명환 지음","한국경제신문","20000901","8,000","7,200","400점","115","경제경영"
"587","국내도서","파블로 피카소","156250","9788970840574","","마순자 옮김","예경","19960826","15,000","14,250","750점","132","예술/대중문화"
"588","국내도서","KISS 3","217294","9788953232532","47830","마츠모토 토모 지음","서울미디어코믹스(서울문화사)","19991201","3,000","2,700","150점","718","만화"
"589","국내도서","마르크 샤갈","75365","9788970840567","","마순자 옮김","예경","19960826","15,000","14,250","750점","133","예술/대중문화"
"590","국내도서","이상한 과일","251876","9788932310558","","김진묵 지음","현암사","20001015","9,800","8,820","490점","121","예술/대중문화"
"591","국내도서","KISS 2","180667","9788953232525","47830","마츠모토 토모 지음","서울미디어코믹스(서울문화사)","19980509","3,000","2,700","150점","794","만화"
"592","국내도서","나모 웹에디터 4 홈페이지 제작교실","251087","9788931415353","","영진정보연구소 엮음","영진.com(영진닷컴)","20001001","7,000","6,300","350점","67","컴퓨터/모바일"
"593","국내도서","정년이후 20년은 이렇게 여행을 즐겨라","254576","9788942402595","03830","고노 이치로 지음, 김진욱 옮김","자유문학사","20001110","8,000","7,200","400점","73","여행"
"594","국내도서","그리스인 조르바","231667","9788932902845","","니코스 카잔차키스 지음, 이윤기 옮김","열린책들","20000425","9,800","8,820","490점","4390","소설/시/희곡"
"595","국내도서","유럽 100배 즐기기","113026","","","지일환, 유재우 지음","랜덤하우스코리아","20010601","14,000","12,600","700점","259","여행"
"596","국내도서","밑줄 긋는 남자","253786","9788932903347","03860","카롤린 봉그랑 지음, 이세욱 옮김","열린책들","20001030","8,500","7,650","420점","1360","소설/시/희곡"
"597","국내도서","교리별 성경연구","14385","9788970085272","03230","알란 스트링펠로우 지음","두란노","19950301","15,000","13,500","750점","139","종교/역학"
"598","국내도서","라비헴 폴리스 2","244589","9788952711113","","강경옥 지음","시공사(만화)","20000715","3,500","3,150","170점","127","만화"
"599","국내도서","성은 환상이다","254543","9788987350295","03380","기시다 슈 지음, 박규태 옮김","이학사","20001101","12,000","10,800","600점","608","인문학"
"600","국내도서","처녀 몸매로 돌아가는 산후조리","141006","9788984070066","","김상우 지음","세종(세종서적)","19990101","7,500","6,750","370점","866","좋은부모"
"601","국내도서","아들 키우는 재미 큰 아들 만드는 예술","216681","9788987871257","","스티브 비덜프 지음","북하우스","19991227","7,500","6,750","370점","1013","좋은부모"
"602","국내도서","쉽게 배우는 실전 주가차트입문","230174","9788988486122","","조승제 지음","중앙경제평론사","20000423","10,000","9,000","500점","370","경제경영"
"603","국내도서","강희대제 8","253743","9788987129976","","이월하 지음, 한미화 옮김","출판시대","20001020","7,500","7,500","0점","297","소설/시/희곡"
"604","국내도서","폴란드의 풍차","250698","9788937460395","04860","장 지오노 지음, 박인철 옮김","민음사","20001001","10,000","9,000","500점","892","소설/시/희곡"
"605","국내도서","주가지수 선물.옵션 투자","254868","9788986225969","","이영길 김형용 지음","새로운제안","20001110","12,000","10,800","600점","230","경제경영"
"606","국내도서","물의 전설","254075","9788979192131","04810","천소영 지음","창해","20001110","10,000","9,000","500점","139","인문학"
"607","국내도서","이젠 e-마케팅으로 승부하라","252783","9788989211006","","잔 짐머만 지음, 은석준 옮김","명솔출판","20001020","18,000","16,200","900점","50","경제경영"
"608","국내도서","내가 한 글쓰기 수업 - 누구나 할 수 있게","253965","9788987402116","03370","성하성 지음","나라말","20001030","8,000","7,200","400점","628","사회과학"
"609","국내도서","IT 매니지먼트","247820","9788987939384","","","대청(대청미디어)","20000910","8,500","7,650","420점","127","경제경영"
"610","국내도서","유호정의 행복한 집 이야기","253762","9788953294516","23610","유호정 지음","서울문화사","20001025","13,800","12,420","690점","127","요리/살림"
"611","국내도서","격동의 자본주의","254094","","","한국사회경제학회 지음","풀빛","20001030","12,000","10,800","600점","36","사회과학"
"612","국내도서","아들을 위하여","244116","9788987905211","03810","황석영 지음","자음과모음(이룸)","20000803","8,000","7,200","400점","321","에세이"
"613","국내도서","인터넷으로 보는 일본문화 코드북","253987","9788982201226","13000","정숙경 지음","넥서스","20001107","12,800","11,520","640점","55","인문학"
"614","국내도서","CEO가 빠지기 쉬운 5가지 유혹","247548","9788989313007","","페트릭 렌시오니 지음, 송경모 옮김","위즈덤하우스","20000920","9,000","8,100","450점","396","자기계발"
"615","국내도서","미학 오디세이 2","191209","9788970331140","","진중권 지음","새길아카데미","19940401","7,000","6,650","200점","263","예술/대중문화"
"616","국내도서","세상에서 가장 쉬운 이유식 유아식 간식","239225","9788983754349","","중앙M&B 편집부 지음","랜덤하우스코리아","20000610","8,500","7,650","420점","328","요리/살림"
"617","국내도서","아발론의 안개 4","251443","9788955120073","","매리언 짐머 브래들리 지음, 나채성 옮김","이야기(자음과모음)","20001013","8,500","7,650","420점","77","소설/시/희곡"
"618","국내도서","딸기밭","222968","9788932011523","03810","신경숙 지음","문학과지성사","20000228","11,000","9,900","550점","1356","소설/시/희곡"
"619","국내도서","니트 디자이너 김정란의 내 손으로 더 예쁘게 손뜨개 DIY","249394","9788983754790","","김정란 지음","랜덤하우스코리아","20000925","9,800","8,820","490점","373","건강/취미"
"620","국내도서","마스터 키튼 2","211803","9788984420779","07650","우라사와 나오키 지음","대원씨아이(만화)","19981201","3,000","2,700","150점","929","만화"
"621","국내도서","칼로리 핸드북","242604","9788995140000","","승정자 외 지음","사람사랑","20000701","12,000","10,800","600점","243","건강/취미"
"622","국내도서","아름다운 시절 1","220589","9788952800770","","오사카 미에코 지음","대원씨아이(만화)","20000129","3,000","2,700","150점","204","만화"
"623","국내도서","신과 나눈 이야기 1","88831","9788988404430","03840","닐 도날드 월쉬 지음, 조경숙 옮김","아름드리미디어","19971101","12,000","10,800","600점","7172","에세이"
"624","국내도서","아리랑 10","189822","9788973370528","","조정래","해냄","19950501","6,800","6,120","340점","197","소설/시/희곡"
"625","국내도서","마음에 상처 없는 사람은 없지요","255169","9788978890670","","구효서 외 지음, 손숙 엮음","지성사","20001110","8,000","7,200","400점","70","에세이"
"626","국내도서","위대한 대통령, 끔찍한 대통령","247269","9788988798546","","윌리엄 J. 라이딩스 외 지음, 김형곤 옮김","한언출판사","20000915","9,800","8,820","490점","128","사회과학"
"627","국내도서","신의 지문 -상","90491","9788972911258","03380","그레이엄 핸콕","까치","19960710","13,000","11,700","650점","1599","인문학"
"628","국내도서","Using AutoCAD 2000","235053","9788976276766","","Ralph Grabowski 지음, 석태훈 옮김","정보문화사","20000525","30,000","27,000","1,500점","36","컴퓨터/모바일"
"629","국내도서","Visual Basic Programming Bible ver 6.X","186359","9788931410228","","주경민 외 지음","영진.com(영진닷컴)","19981120","32,000","28,800","1,600점","634","컴퓨터/모바일"
"630","국내도서","New 알기쉬운 Java 2","254524","9788976277657","","김철회 지음","정보문화사","20001110","15,000","13,500","750점","294","컴퓨터/모바일"
"631","국내도서","파워 스트레칭","234922","9788978491679","","허일웅 외 감수","삼호미디어","19990910","8,000","7,200","400점","215","건강/취미"
"632","국내도서","최고급 외국요리 집에서 쉽게 만들기","246237","9788970902067","","이행근 외 지음","동아일보사","20000818","9,500","8,550","470점","318","요리/살림"
"633","국내도서","남자의 마음을 사로 잡는 35가지 법칙","29574","9788939506503","","엘렌 페인 외 지음, 이경희 옮김","윤컴","19970909","5,000","4,500","250점","590","요리/살림"
"634","국내도서","YES를 이끌어내는 협상법","195377","9788985262347","","윌리엄 유리","장락","19941101","7,000","6,300","350점","202","자기계발"
"635","국내도서","Longman Essay Writing for the TOEFL Test","246998","9788945090010","","박광희 지음, 이충현 외 감수","Longman(롱맨)","20000821","10,000","9,000","500점","1298","외국어"
"636","국내도서","만민법","254547","9788988295564","","존 롤스 지음, 장동진 책임번역","이끌리오","20001113","20,000","18,000","1,000점","101","대학교재/전문서적"
"637","국내도서","건강으로 가는 주역탐구","6276","9788985532006","03510","금오","신농백초","20000325","15,000","13,500","750점","382","종교/역학"
"638","국내도서","누가 일본을 왜곡하는가","245207","9788986167689","","박유하 지음","사회평론","20000801","7,500","6,750","370점","170","인문학"
"639","국내도서","성공을 잡는 7가지 마음의 법칙","217447","9788975944680","","디팩 초프라 지음, 임희근 옮김","삶과꿈","19991225","5,000","4,500","250점","47","자기계발"
"640","국내도서","뇌에 관해 풀리지 않는 의문들","252221","9788986270440","03400","김종성 지음","지호","20001030","10,000","9,000","500점","466","건강/취미"
"641","국내도서","스타벅스","199875","9788934917984","03320","하워드 슐츠 외 지음, 홍순명 옮김","김영사","19990705","12,900","11,610","640점","4567","경제경영"
"642","국내도서","방배동선생 최경숙의 우리집 요리","191258","9788970901756","23590","최경숙 지음","동아일보사","19990503","12,000","10,800","600점","1968","요리/살림"
"643","국내도서","두 시간 만에 읽는 명화의 수수께끼","49523","9788932309323","03600","긴 시로 지음, 박이엽 옮김","현암사","19990530","9,800","8,820","490점","752","청소년"
"644","국내도서","EBS TV로 보는 교육학 실전모의고사","249694","9788982672323","","한민석 지음","한국교육문화원","20000925","20,000","18,000","1,000점","178","수험서/자격증"
"645","국내도서","몰입의 즐거움","201171","9788973378869","03180","미하이 칙센트미하이 지음, 이희재 옮김","해냄","20071120","16,500","14,850","820점","10395","인문학"
"646","국내도서","세종대왕 영어 찾아 외국인학교에 가다","243843","9788995139813","13740","이경주 지음","아이북","20000701","9,500","8,550","470점","368","좋은부모"
"647","국내도서","풍경","203884","9788985599221","03810","원성 글.그림","이레","19990830","8,000","7,200","400점","1907","종교/역학"
"648","국내도서","아발론의 안개 3","251153","9788955120066","","매리언 짐머 브래들리 지음, 나채성 옮김","이야기(자음과모음)","20001010","8,500","7,650","420점","74","소설/시/희곡"
"649","국내도서","석유를 지배하는 자들은 누구인가","249787","9788979660166","03320","앤써니 샘슨 지음, 김희정 옮김","책갈피","20000929","10,000","9,000","500점","187","경제경영"
"650","국내도서","잘못된 식생활이 성인병을 만든다","124992","9788973461233","","미상원영양문제특별위원 지음, 원태진 옮김","형성사","19950610","5,500","5,500","270점","584","건강/취미"
"651","국내도서","한권으로 읽는 고려왕조실록","232746","9788975271540","","박영규 지음","들녘","20000325","12,000","10,800","600점","678","역사"
"652","국내도서","니벨룽겐의 반지 1 - 전편","248772","","","마츠모토 레이지 지음","서울미디어코믹스(서울문화사)","20000922","3,500","3,150","170점","87","만화"
"653","국내도서","태백산맥 5","190188","9788973370818","","조정래 지음","해냄","19950115","6,800","6,120","340점","368","소설/시/희곡"
"654","국내도서","인상주의","251356","9788930120173","03600","모리스 세륄라즈 지음, 최민 옮김","열화당","20000501","9,000","9,000","450점","215","예술/대중문화"
"655","국내도서","작업실의 자코메티","251079","9788974097035","","제임스 로드 지음, 오귀원 옮김","눈빛","20001005","7,000","6,650","200점","105","예술/대중문화"
"656","국내도서","로마인에게 묻는 20가지 질문","235945","9788935652426","03900","시오노 나나미 지음, 김석희 옮김","한길사","20000530","8,000","7,200","400점","440","역사"
"657","국내도서","한국 대중가요사","158681","9788972596035","","이영미 지음","시공사","19981225","12,000","10,800","600점","106","예술/대중문화"
"658","국내도서","아리랑 8","189820","9788973370504","","조정래","해냄","19941201","6,800","6,120","340점","179","소설/시/희곡"
"659","국내도서","민병철 초등학교영어 1","54970","9788975125232","","민병철 지음","민병철스피킹웍스","19960101","7,000","6,300","350점","51","외국어"
"660","국내도서","아기가 말을 시작했어요!","206282","9788973620975","03370","린다 클락 외 지음, 케리 밀라드 그림, 전순영 옮김","민지사","19990920","7,000","6,300","350점","190","좋은부모"
"661","국내도서","두브로브니크는 그날도 눈부셨다","197018","9788986361261","03980","권삼윤 지음","효형출판","19990630","10,000","9,000","500점","367","인문학"
"662","국내도서","태백산맥 6","190190","9788973370825","","조정래 지음","해냄","19950115","6,800","6,120","340점","365","소설/시/희곡"
"663","국내도서","맹언니 백두대간 푸른일기","253773","9788986903256","03810","맹명순 지음","금토","20001030","8,500","7,650","420점","148","건강/취미"
"664","국내도서","책 읽어주는 여자","140982","9788933830031","","레몽 장 지음, 김화영 옮김","세계사","19900820","6,000","5,400","300점","100","소설/시/희곡"
"665","국내도서","고대 중국인이 바라본 하늘의 세계","253570","9788932012001","","이문규 지음","문학과지성사","20001025","14,000","12,600","700점","101","과학"
"666","국내도서","키리냐가 1","247920","9788932903255","","마이크 레스닉 지음, 최용준 옮김","열린책들","20000915","8,500","7,650","420점","263","소설/시/희곡"
"667","국내도서","베르세르크 14","240760","9788925255217","07830","미우라 켄타로 지음","대원씨아이(만화)","20000710","4,500","4,050","220점","335","만화"
"668","국내도서","아리랑 6","189818","9788973370481","","조정래","해냄","19940801","6,800","6,120","340점","170","소설/시/희곡"
"669","국내도서","이것이 새천년 미국영어다 10","246683","9788940404041","","조화유 지음","대현출판사","20000830","8,500","7,650","420점","178","외국어"
"670","국내도서","정보중개와 전자상거래","226472","9788984070325","","존 하겔 3세, 마크 싱어 지음, 이경전 옮김","세종(세종서적)","20000325","13,000","11,700","650점","267","경제경영"
"671","국내도서","오리엔탈리즘","106925","9788970850825","","에드워드 W. 사이드 지음, 박홍규 옮김","교보문고(교재)","19910401","11,000","11,000","330점","95","인문학"
"672","국내도서","문학과 예술의 사회사 1","52162","9788936483036","03600","아르놀트 하우저 지음, 백낙청 외 옮김","창비","19990305","15,000","13,500","750점","3581","역사"
"673","국내도서","현상학과 예술","171377","9788930662031","93600","메를로 퐁티 지음","서광사","19890201","22,000","19,800","1,100점","617","대학교재/전문서적"
"674","국내도서","눈물에... 얼굴을 묻는다","220492","9788987976389","","원태연 지음","은행나무","20000205","12,000","10,800","600점","200","소설/시/희곡"
"675","국내도서","비천무 1","65856","","","김혜린 지음","대원씨아이(만화)","19981010","3,500","3,150","170점","385","만화"
"676","국내도서","E-고객시대의 웹 경영","229223","9788984050754","13320","데이비드 시걸 지음, 조현각 옮김","더난출판사","20000427","13,000","11,700","650점","616","경제경영"
"677","국내도서","노동하는 기타, 천일의 노래","249785","9788988105214","","배윤경 지음","이후","20000927","10,000","9,000","500점","169","예술/대중문화"
"678","국내도서","2시간에 끝내주는 이규형 일본어","247810","9788973373383","","이규형 지음","해냄","20000910","19,800","17,820","990점","97","외국어"
"679","국내도서","전력시스템공학","127707","9788970880761","93560","송현선 외","교문사(청문각)","20010110","14,000","14,000","700점","18","대학교재/전문서적"
"680","국내도서","태백산맥 3","190186","9788973370795","","조정래","해냄","19961001","6,800","6,120","340점","359","소설/시/희곡"
"681","국내도서","3D Studio Max 3.1 & Hint","248470","9788931546576","","서승욱 외 지음","성안당","20000916","39,000","35,100","1,950점","246","컴퓨터/모바일"
"682","국내도서","연인","189065","9788970631783","03810","정호승 지음","열림원","19981223","7,000","6,300","350점","324","소설/시/희곡"
"683","국내도서","원령공주 1","213152","9788984425040","","미야자키 하야오 지음","대원씨아이(만화)","19990914","4,000","3,600","200점","98","만화"
"684","국내도서","나는 나를 파괴할 권리가 있다","27267","9788982810022","","김영하 지음","문학동네","20000929","7,000","6,300","350점","844","소설/시/희곡"
"685","국내도서","웹 디자인을 위하여 다시 태어난 Illustrator 9","254972","9788988730577","","연승수,김혜정 지음","컴피플","20001101","25,000","22,500","1,250점","129","컴퓨터/모바일"
"686","외국도서","Essential Grammar in Use with Answers : A Self-study Reference and Practice Book for Elementary Students of English (Paperback, 2 Rev ed)","178442","9780521559287","","Raymond Murphy 지음","Cambridge Univ Pr","19970130","17,000","15,300","1,530점","6002","ELT/어학/사전"
"687","국내도서","당신도 경영자가 될 수 있다","231646","9788972771869","13330","이장우 지음","리드리드출판(한국능률협회)","20000501","8,000","7,200","400점","874","자기계발"
"688","외국도서","New Multiple Reading Skills E (Paperback, Colored Edition)","182022","9788960550360","13740","Richard A. Boning 지음","McGraw-Hill","20071101","11,000","9,900","550점","1658","ELT/어학/사전"
"689","국내도서","저스트 고고! Just Go Go! 4","253600","9788952809827","47650","라가와 마리모 지음","대원씨아이(만화)","20001101","3,000","2,700","150점","141","만화"
"690","국내도서","우리가 정말 사랑하고 있을까","230168","9788901028668","","생 텍쥐페리 지음, 유혜자 편역","웅진지식하우스","20000401","7,500","6,750","370점","285","에세이"
"691","국내도서","철학의 모험","243543","9788971842867","03100","이진경 지음","푸른숲","20000731","12,000","10,800","600점","1425","인문학"
"692","국내도서","초보엄마가 꼭 알아야 할 새로운 육아가이드","245702","9788988712085","","비키 아이오빈 지음, 김이숙 옮김","리드북","20000830","8,500","7,650","420점","75","좋은부모"
"693","국내도서","프리토킹에 강해지는 토론 영어 (카세트테이프 교재 + 테이프 4개)","238337","9788982207952","","김학용 지음","넥서스","20000626","12,000","10,800","600점","277","외국어"
"694","국내도서","눈물이 나면 기차를 타라","208483","9788936421915","03810","정호승 지음","창비","19991020","9,000","8,550","450점","1061","소설/시/희곡"
"695","국내도서","마스터 키튼 12","211877","9788984420878","07650","우라사와 나오키 지음","대원씨아이(만화)","19990101","3,500","3,150","170점","753","만화"
"696","국내도서","임산부를 위한 첫 그림태교 1","237104","9788970571690","73810","권정생","주니어파랑새(파랑새어린이)","20000530","12,000","10,800","600점","234","좋은부모"
"697","국내도서","CD-R/RW+MP3 쉽게 배우기","250335","9788931415278","","주재연 외 지음","영진.com(영진닷컴)","20001002","20,000","18,000","1,000점","107","컴퓨터/모바일"
"698","국내도서","e브랜드","244317","9788984070387","","필 카펜터 지음, 김태현 옮김","세종(세종서적)","20000731","13,000","11,700","650점","168","경제경영"
"699","국내도서","소피의 세계 (합본)","82904","9788932308692","03160","요슈타인 가아더 지음, 장영은 옮김","현암사","19960201","19,500","17,550","970점","7694","인문학"
"700","국내도서","강희대제 6","245740","9788987129952","","이월하 지음, 한미화 옮김","출판시대","20000810","7,500","7,500","0점","312","소설/시/희곡"
"701","국내도서","아리랑 12","189824","9788973370542","","조정래","해냄","19950701","6,800","6,120","340점","200","소설/시/희곡"
"702","국내도서","드림위버 3 쉽게 배우기","232898","9788931414530","","이해범, 박성식 지음","영진.com(영진닷컴)","20000520","20,000","18,000","1,000점","134","컴퓨터/모바일"
"703","국내도서","디자이너를 위한 포토샵 실무 무작정 따라하기","199496","9788975600388","","이지희, 조형진 지음","길벗","20000901","18,000","16,200","900점","320","컴퓨터/모바일"
"704","국내도서","애니메이션 시나리오 작법","190433","9788986128260","13650","토리우미 진조 지음","모색","19990310","9,800","8,820","490점","413","예술/대중문화"
"705","국내도서","근대적 주거공간의 탄생","247063","9788988375457","03610","이진경 지음","소명출판","20000909","17,000","15,300","850점","338","사회과학"
"706","외국도서","New Multiple Reading Skills D (Paperback, Colored Edition)","221572","9788960550353","13740","Richard A. Boning 지음","McGraw-Hill","19990201","11,000","9,900","550점","2340","ELT/어학/사전"
"707","국내도서","시대를 앞서간 여자들의 거짓과 비극의 역사","216958","9788972881186","","로사 몬떼로 지음, 정창 옮김","작가정신","20000110","8,000","7,200","400점","654","사회과학"
"708","국내도서","나에게는 꿈이 있습니다","225228","9788987180496","03840","클레이본 카슨 엮음, 이순희 옮김","바다출판사","20000307","15,000","13,500","750점","3791","사회과학"
"709","국내도서","마스터 키튼 6","211828","9788984420816","07650","우라사와 나오키 지음","대원씨아이(만화)","19990701","3,000","2,700","150점","826","만화"
"710","국내도서","은하영웅전설 9","242669","9788970996394","","다나카 요시키 지음, 윤덕주 옮김","서울문화사","20000718","7,000","6,300","350점","242","소설/시/희곡"
"711","국내도서","러닝 리눅스","198206","9788979140408","","Matt Welsh, Lar Kaufman","한빛미디어","19990621","26,000","23,400","1,300점","180","컴퓨터/모바일"
"712","국내도서","자유의 감옥","124451","9788912112394","","미하엘 엔데 지음, 이병서 옮김","고려원(고려원미디어)","19960710","8,000","7,200","400점","33","소설/시/희곡"
"713","국내도서","꿈꾸는 자가 오는도다","217975","9788970089591","03230","강준민 지음","두란노","20000107","14,000","12,600","700점","1170","종교/역학"
"714","국내도서","21세기 리더의 선택","251085","9788947523226","","피터 드러커 외 지음, 한근태 옮김","한국경제신문","20001010","17,000","15,300","850점","255","경제경영"
"715","국내도서","몰개월의 새","250163","9788936460181","03810","황석영 지음","창비","20001010","11,000","9,900","550점","750","소설/시/희곡"
"716","국내도서","철벽 보안을 위한 역공격 해킹","244312","9788983970558","","김거수 지음","베스트북","20000801","19,500","17,550","970점","201","컴퓨터/모바일"
"717","국내도서","캐릭터","147170","9788974780913","","만화기법연구회 지음, 박기준 엮음","다섯수레","19971001","9,800","8,820","490점","138","만화"
"718","국내도서","삼국지 7","239624","9788981333737","","김구용 옮김","솔출판사","20000725","8,000","7,200","400점","210","소설/시/희곡"
"719","국내도서","월든","112083","9788985599009","","헨리 데이빗 소로우 지음, 강승영 옮김","이레","19930501","6,800","6,120","340점","312","에세이"
"720","국내도서","e-워크숍: 타이포그래피","251123","9788970591216","","욜란다 자파테라 엮음, 박효신 옮김","안그라픽스","20000929","25,000","22,500","1,250점","112","컴퓨터/모바일"
"721","국내도서","삼국지 1","239614","9788981333676","","김구용 지음","솔출판사","20000720","8,000","7,200","400점","248","소설/시/희곡"
"722","국내도서","PC로 배우는 CATIA V5","241293","","","이석순,황영진 지음","배영사","20000714","23,000","20,700","1,150점","159","컴퓨터/모바일"
"723","국내도서","한국의 정체성","231777","9788970131450","04100","탁석산 지음","책세상","20000427","4,900","4,410","240점","2798","사회과학"
"724","국내도서","자연을 꿈꾸는 뒷간","250645","9788975271632","14520","이동범 지음","들녘","20000927","12,000","10,800","600점","869","요리/살림"
"725","국내도서","은하영웅전설 7","236858","9788970996370","","다나카 요시키 지음, 윤덕주 옮김","서울문화사","20000526","7,000","6,300","350점","250","소설/시/희곡"
"726","국내도서","윈도우 미","252709","9788931415384","","김한용 지음","영진.com(영진닷컴)","20001001","8,500","7,650","420점","36","컴퓨터/모바일"
"727","국내도서","비주얼 베이직 6","198134","9788931412345","","신문섭 지음","영진.com(영진닷컴)","19990705","14,500","13,050","720점","318","컴퓨터/모바일"
"728","국내도서","LinguaForum CBT TOEFL 실전연습 제1회 (Vol 2)","250476","9788989260004","94740","링구아포럼 리서치센터 지음","링구아포럼","20000926","15,000","13,500","750점","162","외국어"
"729","국내도서","땅의 눈물 땅의 희망","239681","9788988804124","","최창조 글, 홍성담 그림","궁리","20000628","15,000","13,500","750점","304","종교/역학"
"730","국내도서","5차원 영어학습법","236896","9788934904168","","원동연 지음","김영사","20000615","7,900","7,110","390점","468","외국어"
"731","국내도서","퇴마록 말세편 3","246270","9788975272035","04810","이우혁 지음","들녘","20000822","9,500","8,550","470점","988","소설/시/희곡"
"732","국내도서","Windows 2000 Server","236545","9788979140682","","이병훈 외 지음","한빛미디어","20000610","23,000","20,700","1,150점","101","컴퓨터/모바일"
"733","국내도서","김홍재, 나는 운명을 지휘한다","251863","9788934906186","","김홍재 말함, 박성미 씀","김영사","20001020","9,900","8,910","490점","63","에세이"
"734","국내도서","유럽 혁명 1492~1992 - 지배와 정복의 역사","228920","9788988336342","04900","찰스 틸리 지음, 윤승준 옮김","새물결","20000330","15,000","13,500","750점","339","역사"
"735","국내도서","똘레랑스","251341","9788987671154","","헨드릭 빌렘 반 룬","길(도서출판)","20001005","15,000","13,500","750점","106","인문학"
"736","국내도서","디지털 시대의 정보 디자인","202198","9788970591049","","클레멘트 목 지음, 김옥철 옮김","안그라픽스","19990730","25,000","22,500","1,250점","253","컴퓨터/모바일"
"737","외국도서","Basic Tactics for Listening","176436","","","Jack C.Richards 지음","Oxford(옥스포드)","19960601","12,500","11,870","120점","136","ELT/어학/사전"
"738","국내도서","Visual C++ 6 완벽가이드","186385","9788931410198","","김용성 지음","영진.com(영진닷컴)","20010201","30,000","27,000","1,500점","1460","컴퓨터/모바일"
"739","국내도서","신과 나눈 이야기 3","188117","9788988404096","03840","닐 도날드 월쉬 지음, 조경숙 옮김","아름드리미디어","19990330","18,000","16,200","900점","3407","에세이"
"740","국내도서","타이밍의 승부사","236632","9788950904272","","잭 슈웨거 지음ㅣ 김태완, 양영빈 옮김","21세기북스","20000620","15,000","13,500","750점","553","경제경영"
"741","국내도서","링구아 i-TOEFL - 문법편","253830","9788989260332","","링구아포럼 리서치센터 지음","링구아포럼","20001027","13,000","11,700","650점","30","외국어"
"742","국내도서","오르간 연주자로서의 J.S.바흐","247408","9788913009327","93670","GEORGE STAUFFER 외 지음","음악춘추사","20000801","20,000","19,000","1,000점","57","예술/대중문화"
"743","국내도서","앤더슨 컨설팅이 제시하는 e기업에의 도전","252058","9788935204212","13320","앤더슨 컨설팅 지음, 권준영 옮김","청림출판","20001001","10,000","9,000","500점","71","경제경영"
"744","국내도서","나이 드는 것의 미덕","206552","9788988295328","","지미 카터 지음, 김은령 옮김","이끌리오","19990920","6,500","5,850","320점","333","에세이"
"745","국내도서","초보자를 위한 일러스트레이터 9 기초 + 활용 길라잡이","251988","9788976277244","","고영자.최수영 지음","정보문화사","20001001","25,000","22,500","1,250점","251","컴퓨터/모바일"
"746","국내도서","중세의 가을","136449","9788932003559","04800","요한 호이징가 지음, 최홍숙 옮김","문학과지성사","19970520","25,000","22,500","1,250점","1206","역사"
"747","국내도서","그 남자! 그 여자! 1","212771","9788925841250","07650","츠다 마사미 지음","학산문화사(만화)","19990101","4,200","3,780","210점","518","만화"
"748","국내도서","조선시대 당쟁사 1","226632","9788984570092","","이성무 지음","동방미디어","20000328","9,000","8,100","450점","492","역사"
"749","국내도서","바람의 딸, 우리 땅에 서다","211073","9788971844755","03810","한비야 지음","푸른숲","20060908","12,000","10,800","600점","11351","여행"
"750","국내도서","수도권 도로 지도","198965","9788939000469","","성지문화사 편집부","성지문화사","20010101","20,000","18,000","1,000점","69","여행"
"751","국내도서","원효의 금강삼매경론","253874","9788931205077","93220","원효 지음, 은정희 외 옮김","일지사","20001020","32,000","32,000","1,600점","535","종교/역학"
"752","국내도서","닷컴 PHP4 마스터","248319","9788973542598","","이철혁 지음","가남사","20000910","22,000","19,800","1,100점","42","컴퓨터/모바일"
"753","국내도서","중국영화사","252582","9788987608167","03680","슈테판 크라머 지음, 황진자 옮김","이산","20001025","15,000","13,500","750점","228","예술/대중문화"
"754","국내도서","퀵스타트 Flash 5","254760","9788986929829","","Katherine Ulrich 지음","비앤비(B&B)","20001108","15,000","13,500","750점","42","컴퓨터/모바일"
"755","국내도서","액션 러닝","248670","9788950904432","","마이클 J. 마쿼드 지음, 봉현철 외 옮김","21세기북스","20000920","15,000","13,500","750점","114","경제경영"
"756","국내도서","우리 역사소설은 이론과 논쟁이 필요하다","246541","9788970132129","04800","공임순 지음","책세상","20000824","5,900","5,310","290점","235","소설/시/희곡"
"757","국내도서","누가 아름다운 세상을 꿈꾸지 않으랴","252337","9788988045237","","임옥상 지음","생각의나무","20001018","9,000","8,100","450점","90","예술/대중문화"
"758","국내도서","WHY NOT?","221946","9788985548526","03300","유시민 지음","개마고원","20000217","12,000","10,800","600점","1666","사회과학"
"759","국내도서","제대로 배우는 한자 교실","196106","9788987180403","03710","김경일 지음","바다출판사","20030106","10,000","9,000","500점","1448","외국어"
"760","국내도서","피아제가 보여주는 아이들의 인지세계","156210","9788975481130","93370","메리사임","학지사","19960920","8,000","8,000","400점","163","대학교재/전문서적"
"761","국내도서","세계의 비참 1","249808","9788980381630","94330","피에르 부르디외 지음, 김주경 옮김","동문선","20000901","26,000","23,400","1,300점","301","사회과학"
"762","국내도서","짚 한 오라기의 혁명","139403","","","후쿠오카 마사노부 지음, 최성현 옮김","한살림","19960601","9,000","8,100","450점","329","과학"
"763","국내도서","개미 1","5220","9788932900421","","베르나르 베르베르 지음, 이세욱 옮김","열린책들","19930601","6,800","6,120","340점","72","소설/시/희곡"
"764","국내도서","솔직한 여자가 사랑도 잘한다","247544","9788983754509","","이은미 지음","랜덤하우스코리아","20000830","7,500","6,750","370점","1983","요리/살림"
"765","국내도서","장미의 이름 - 상","241934","9788932906751","04880","움베르토 에코 지음, 이윤기 옮김","열린책들","20021010","15,800","14,220","790점","8461","소설/시/희곡"
"766","국내도서","한권으로 끝내는 소액투자 성공법","208524","9788974252397","14320","김대중 지음","국일증권경제연구소","20000115","9,000","8,100","450점","35","경제경영"
"767","외국도서","Gogo Loves English 4","179099","9789620001420","","Ken Methold 외 지음","문진미디어(외서)","19960401","8,000","7,200","220점","52",""
"768","국내도서","전쟁이 끝난 후","253444","9788988105245","04300","타리크 알리 외 지음, 국제연대정책정보센터 옮김","이후","20001030","9,000","8,100","450점","450","사회과학"
"769","국내도서","니벨룽겐의 반지 1 - 후편","250177","","","마츠모토 레이지 지음","서울미디어코믹스(서울문화사)","20001002","3,500","3,150","170점","87","만화"
"770","국내도서","심천 사혈요법 1","242757","9788958421245","04510","박남희 지음","심천","20050701","15,000","13,500","750점","3522","건강/취미"
"771","국내도서","마키아벨리 평전","243588","9788989103172","94340","로베르토 리돌피 지음, 곽차섭 옮김","아카넷","20000720","30,000","28,500","1,500점","420","역사"
"772","국내도서","스트레스를 벗어 던져라","245802","9788986429244","","로이스 레비 지음, 전순영 옮김","좋은생각","20000821","6,000","5,400","300점","60","건강/취미"
"773","국내도서","갈릴레오와 킬러 나무","250792","9788987115634","03900","에이드리언 베리 지음, 유진 옮김","하늘연못","20001012","5,500","4,950","270점","116","인문학"
"774","국내도서","사진 이론을 버려라","245218","9788936909567","03660","홍순태 지음","대원사","20000728","18,000","16,200","900점","865","건강/취미"
"775","국내도서","365일 놀이로 창의력을 키운다","188260","9788946412835","","트리시 쿠프너 지음, 이원영 옮김","샘터사","19990402","7,000","6,300","350점","810","좋은부모"
"776","국내도서","출동! 119 구조대 19","253598","9788952812995","","소다 마사히토 지음","대원씨아이(만화)","20001101","3,000","2,700","150점","34","만화"
"777","국내도서","Oracle Bible Ver 8.X","197063","9788931411881","","김종근.송건철.홍준호 지음","영진.com(영진닷컴)","19990630","35,000","31,500","1,750점","298","컴퓨터/모바일"
"778","국내도서","우리 아이 미운 행동에는 이유가 있다","251327","","","황지현 지음","아가돼지","20001007","9,000","8,100","450점","90","좋은부모"
"779","국내도서","오스카 코코슈카","148226","9788970840611","03650","김금미 옮김","예경","19960826","15,000","14,250","750점","376","예술/대중문화"
"780","국내도서","너무도 쓸쓸한 당신","31220","9788936436520","03810","박완서 지음","창비","19981215","13,000","11,700","650점","1384","소설/시/희곡"
"781","국내도서","티보가의 사람들 1","255812","9788937403583","04860","로제 마르탱 뒤 가르 지음, 정지영 옮김","민음사","20001115","20,000","18,000","1,000점","379","소설/시/희곡"
"782","국내도서","삼포 가는 길","250164","9788936460174","03810","황석영 지음","창비","20001010","11,000","9,900","550점","2826","소설/시/희곡"
"783","국내도서","마스터 키튼 13","211882","9788925258539","07830","우라사와 나오키 지음","대원씨아이(만화)","19990101","4,500","4,050","220점","773","만화"
"784","국내도서","원시인 1","209416","9788932902593","","장 마르크 레제르 그림","열린책들","19991030","5,000","4,500","250점","161","만화"
"785","국내도서","카드캡터 체리 9","255624","","","CLAMP 지음","서울미디어코믹스(서울문화사)","20000724","3,000","2,700","150점","147","만화"
"786","국내도서","연탄길","244199","9788972081333","","이철환 지음","삼진기획","20000801","7,500","6,750","370점","6728","에세이"
"787","국내도서","마스터 키튼 11","211867","9788984420861","07650","우라사와 나오키 지음","대원씨아이(만화)","19990101","3,500","3,150","170점","745","만화"
"788","국내도서","나모 웹에디터 4.03 웹디자인 홈페이지 만들기","251376","9788976277565","","전광호 지음","정보문화사","20001010","18,000","16,200","900점","81","컴퓨터/모바일"
"789","외국도서","Wee Sing 투게더 - 비디오테이프 1개","239012","","","Pamela Conn Beall 외 지음, 동우영상 편집부 엮음","동우영상","20000601","22,000","19,800","990점","1679","어린이"
"790","국내도서","베르세르크 15","244550","9788952809124","47650","미우라 켄타로 지음","대원씨아이(만화)","20000726","3,500","3,150","170점","309","만화"
"791","국내도서","소크라테스와 헤르만 헤세의 점심","236316","9788995105917","","미셸 투르니에 지음, 김정란 옮김","북라인","20000615","7,000","6,300","350점","707","에세이"
"792","국내도서","민중 포켓 영한.한영사전","216041","9788938704429","11740","민중서림 편집국 엮음","민중서림","20170110","38,000","34,200","1,900점","2228","외국어"
"793","국내도서","마스터 키튼 7","211833","9788984420823","07650","우라사와 나오키 지음","대원씨아이(만화)","19990701","3,000","2,700","150점","798","만화"
"794","국내도서","비평과 진단","255104","9788974185367","08000","질 들뢰즈 지음, 김현수 옮김","인간사랑","20001101","15,000","14,250","430점","422","인문학"
"795","국내도서","예제로 배우는 3D Studio MAX R3.X","224068","9788976276865","","박정현 외 지음","정보문화사","20000302","39,000","35,100","1,950점","234","컴퓨터/모바일"
"796","국내도서","우리가 이 세상에 살게 된 7가지 이유","226024","9788989039013","","다카하시 신지 지음, 김해석 옮김","해누리","20000324","9,000","8,100","450점","80","종교/역학"
"797","국내도서","마스터 키튼 10","211846","9788984420854","07650","우라사와 나오키 지음","대원씨아이(만화)","19991122","3,500","3,150","170점","771","만화"
"798","국내도서","Comic 5","245161","9788952715524","07810","하시현 지음","시공사(만화)","20000810","3,500","3,150","170점","76","만화"
"799","국내도서","20세기 역사학 21세기 역사학","255313","9788976965127","93910","한국역사연구회 엮음","역사비평사","20001105","12,000","10,800","600점","172","역사"
"800","외국도서","Up and Away in English: 1: Workbook (Paperback)","186208","9780194349512","","Terence G. Crowther 지음","Oxford(옥스포드)","19970703","10,500","8,920","450점","1068","언어학"
"801","국내도서","도올 김용옥의 금강경 강해","209243","9788982640070","03220","김용옥 지음","통나무","19991024","15,000","13,500","750점","4193","종교/역학"
"802","국내도서","우리 아기가 처음 만나는 성경","219450","9788936005245","","콜린 지음, 이현주 옮김, 모이러 맥린 그림","성서원Kids","19991130","10,000","9,000","500점","670","종교/역학"
"803","국내도서","인도, 21세기 새로운 강자로 떠오르고 있다","255853","9788985893626","","남상욱 지음","일빛","20001120","18,000","16,200","900점","46","경제경영"
"804","국내도서","쇼핑의 과학","245722","9788984070394","03320","파코 언더힐 지음, 신현승 옮김","세종(세종서적)","20000810","12,000","10,800","600점","2132","경제경영"
"805","국내도서","살며 사랑하며 배우며","217875","9788970650555","03840","레오 버스카글리아 지음","홍익","20050624","12,000","10,800","600점","1167","에세이"
"806","국내도서","소돔 120일","247143","9788986442755","","D.A.F. 사드 지음","고도","20000820","15,000","13,500","750점","448","소설/시/희곡"
"807","국내도서","자신있게 살아라","124073","9788986442489","","앤드류 매튜스 지음, 홍은주 옮김","고도","19981125","9,000","8,100","450점","278","자기계발"
"808","국내도서","왜 일본인들은 스모에 열광하는가","253104","9788987180670","","돌로레스 마르티네즈 엮음, 김희정 옮김","바다출판사","20001025","9,000","8,100","450점","43","인문학"
"809","국내도서","영웅의 역사 - 전10권","225394","9788981333423","","진순신, 오자키 호츠키 엮음","솔출판사","20000201","95,000","85,500","4,750점","146","역사"
"810","국내도서","소설로 읽는 주니어 수학1","253429","9788983710628","","마샤 러너 외 지음, 이상원 옮김","사이언스북스","20001030","8,000","7,200","400점","178","과학"
"811","국내도서","은하영웅전설 8","242670","","","다나카 요시키 지음, 윤덕주 옮김","서울문화사","20000718","7,000","6,300","350점","243","소설/시/희곡"
"812","국내도서","야성의 삶","247246","9788984410169","03840","게리 스나이더 지음, 이상화 옮김","동쪽나라(=한민사)","20000829","9,000","8,100","450점","130","에세이"
"813","국내도서","마스터 키튼 3","211810","9788984420786","07650","우라사와 나오키 지음","대원씨아이(만화)","19990701","3,000","2,700","150점","904","만화"
"814","국내도서","감옥으로부터의 사색","4551","9788971991060","03810","신영복 지음","돌베개","19980801","13,000","11,700","650점","22118","에세이"
"815","국내도서","DMZ","177900","9788937402357","","박상연","민음사","19970130","6,000","5,400","300점","185","소설/시/희곡"
"816","국내도서","UNIX Network Programming Vol.1 (2판)","200180","9788970852881","","W.RICHARD STEVENS 지음, 이재용.김치하 옮김","교보문고(교재)","19990710","27,000","27,000","810점","114","컴퓨터/모바일"
"817","국내도서","일본어 의태어 사전","254425","9788989369004","","고미타로 지음, 이서규 옮김","연경문화사(연경미디어)","20001030","9,000","8,100","450점","304","외국어"
"818","국내도서","엽기 일본어","249464","9788952708700","","김남훈 지음","시공사","20000920","8,500","7,650","420점","89","외국어"
"819","국내도서","롤리타","197801","9788937460302","04840","블라디미르 나보코프 지음, 권택영 옮김","민음사","19990625","9,500","8,550","470점","3588","소설/시/희곡"
"820","국내도서","금융시장의 기술적 분석","234791","9788957820711","14320","존 J. 머피 지음, 최용석 옮김","국일증권경제연구소","20210312","38,000","34,200","1,900점","11251","경제경영"
"821","국내도서","도덕경","38550","9788932308470","03150","노자 지음, 오강남 풀어 엮음","현암사","19951201","15,000","13,500","750점","11969","인문학"
"822","국내도서","2000 현장비평가가 뽑은 올해의 좋은 소설","245399","9788972752011","03810","김인숙 외 지음","현대문학","20000809","8,600","7,740","430점","181","소설/시/희곡"
"823","국내도서","운 좋은 사람을 만드는 아주 사소한 습관들","251083","9788995081761","","마크 마이어스 지음","룩스북","20001005","8,000","7,200","400점","136","에세이"
"824","국내도서","인터넷 비즈니스 골든사이트","210337","9788974421649","03320","이주호, 김상우 지음","매일경제신문사","19991110","12,000","10,800","600점","205","경제경영"
"825","국내도서","화학의 변명 1","250271","9788983710550","04400","존 엠슬리 지음, 허훈 옮김","사이언스북스","20000927","8,000","7,200","400점","267","과학"
"826","국내도서","농담","198250","9788937460296","04860","밀란 쿤데라 지음, 방미경 옮김","민음사","19990625","14,000","12,600","700점","13064","소설/시/희곡"
"827","국내도서","초월적 세계를 향한 관념의 역사","216630","9788986834642","03230","브루노 보르체르트 지음, 강주헌 옮김","예문","19991217","16,500","14,850","820점","174","종교/역학"
"828","국내도서","서양 건축 이야기","249662","9788988360293","03610","빌 리제베로 지음, 오덕성 옮김","한길아트","20000920","25,000","22,500","1,250점","255","예술/대중문화"
"829","국내도서","파우스트","253058","9788995174616","04850","요한 볼프강 폰 괴테 지음, 최두환 옮김","시와진실","20031025","8,500","7,650","420점","92","예술/대중문화"
"830","국내도서","잔소리하지 않고 좋은 버릇 들이는 방법","124938","9788901005188","","루스 보든 지음","웅진지식하우스","20000722","2,500","2,250","120점","511","좋은부모"
"831","국내도서","예수의 웃음","254121","9788970902128","","디디에 드코앵 지음, 강주헌 옮김","동아일보사","20001031","7,800","7,020","390점","67","소설/시/희곡"
"832","국내도서","드래곤 볼 3","251131","9788953201361","","토리야마 아키라 지음","서울미디어코믹스(서울문화사)","20000925","3,000","2,700","150점","239","만화"
"833","국내도서","태백산맥 4","190187","9788973370801","","조정래 지음","해냄","19950115","6,800","6,120","340점","365","소설/시/희곡"
"834","국내도서","프라임 영한사전","222855","9788900085754","","두산동아 사서편집국 엮음","두산동아(참고서)","20050110","34,000","30,600","1,700점","657","외국어"
"835","국내도서","반 고흐","243510","9788979195019","04650","마리 엘렌 당페라 외 지음, 신성림 옮김","창해","20000731","9,000","8,100","450점","197","예술/대중문화"
"836","국내도서","마스터 키튼 8","211838","9788984420830","07650","우라사와 나오키 지음","대원씨아이(만화)","19990701","3,500","3,150","170점","798","만화"
"837","국내도서","희망은 또 다른 희망을 낳는다","245005","9788971842898","03810","서진규 지음","푸른숲","20000810","8,700","7,830","430점","739","에세이"
"838","국내도서","PHP 포켓 레퍼런스","249526","9788979140798","","라스머스 러도프 지음, 최성원 옮김","한빛미디어","20000908","5,000","4,500","250점","105","컴퓨터/모바일"
"839","국내도서","달라이 라마 예수를 말하다","203862","9788988739037","03840","텐진 갸초 지음, 류시화 옮김","나무심는사람(이레)","19990830","7,800","7,020","390점","376","종교/역학"
"840","국내도서","주식투자 궁금증 300문 300답","239856","9788970902029","","곽해선 지음","동아일보사","20000630","9,800","8,820","490점","75","경제경영"
"841","국내도서","섬","77430","9788937402852","04860","장 그르니에 지음, 김화영 옮김","민음사","19930701","8,500","7,650","420점","8859","에세이"
"842","국내도서","걸리버 여행기","7679","9788983920775","03840","조나단 스위프트 지음, 신현철 옮김","문학수첩","19920707","10,000","9,000","500점","8815","소설/시/희곡"
"843","국내도서","워드프로세서 1급 필기 특별대비 [2.3급 포함]","214621","9788931416015","","강명재, 권태운, 이상미 외 지음","영진.com(영진닷컴)","20001130","15,000","13,500","750점","766","컴퓨터/모바일"
"844","국내도서","하늘 호수로 떠난 여행","157223","9788970631264","03810","류시화 지음","열림원","19970510","9,900","8,910","490점","7934","에세이"
"845","국내도서","이우재의 논어읽기","255066","9788987041056","","이우재 지음","세계인","20001015","20,000","18,000","1,000점","65","인문학"
"846","국내도서","아리랑 7","189819","9788973370498","","조정래","해냄","19941001","6,800","6,120","340점","174","소설/시/희곡"
"847","국내도서","여학생의 친구","250765","9788970632384","03830","유미리 지음, 김난주 옮김","열림원","20000930","7,000","6,300","350점","122","소설/시/희곡"
"848","국내도서","은하영웅전설 외전 1","247887","9788953295025","","다나카 요시키 지음, 윤덕주 옮김","서울문화사","20000828","6,500","5,850","320점","172","소설/시/희곡"
"849","국내도서","이태백이 없으니 누구에게 술을 판다?","242533","9788937424625","04820","이병한 엮음","민음사","20000720","12,000","10,800","600점","685","소설/시/희곡"
"850","국내도서","인포센스","231971","9788995101551","03320","키스 데블린 지음, 이현주 옮김","사람in","20000508","8,500","7,650","420점","277","컴퓨터/모바일"
"851","국내도서","석도화론","76485","9788982640452","","김용옥 지음","통나무","19921101","8,500","7,650","420점","89","예술/대중문화"
"852","국내도서","주식시장의 기술적 분석","223043","9788985923712","03320","최세일 지음","진리탐구","20000215","18,000","16,200","900점","160","경제경영"
"853","국내도서","시민의 불복종","202356","9788985599184","03840","헨리 데이빗 소로우 지음, 강승영 옮김","이레","19990810","7,000","6,300","350점","2444","사회과학"
"854","외국도서","New Multiple Reading Skills C (Paperback, Colored Edition)","182021","9788960550346","13740","Richard A. Boning 지음","McGraw-Hill","20000701","11,000","9,900","550점","2635","ELT/어학/사전"
"855","국내도서","아리랑 11","189823","9788973370535","","조정래","해냄","19950701","6,800","6,120","340점","200","소설/시/희곡"
"856","국내도서","아발론의 안개 2","251093","9788955120059","","매리언 짐머 브래들리 지음, 나채성 옮김","이야기(자음과모음)","20001009","8,500","7,650","420점","77","소설/시/희곡"
"857","국내도서","오디션 1","106765","9788953230040","47810","천계영 지음","서울미디어코믹스(서울문화사)","19980315","3,500","3,150","170점","621","만화"
"858","국내도서","부분과 전체","63045","9788942389056","03400","베르너 하이젠베르크 지음, 김용준 옮김","지식산업사","20131008","15,000","14,250","750점","4560","과학"
"859","국내도서","마스터 키튼 9","211842","9788925258492","07830","우라사와 나오키 지음","대원씨아이(만화)","19991122","4,500","4,050","220점","811","만화"
"860","국내도서","색의 수수께끼","205989","9788986698237","03600","마가레테 브룬스 지음, 조정옥 옮김","세종연구원","19990910","8,500","7,650","420점","696","예술/대중문화"
"861","국내도서","소아치과 기초 및 임상실습","82668","9788987566009","","이종갑 외","대한나래출판사","19970825","30,000","27,000","1,500점","15","대학교재/전문서적"
"862","국내도서","하프타임","243106","9788986052848","","밥 버포드 지음, 김성웅 옮김","낮은울타리","20000725","6,000","6,000","0점","768","자기계발"
"863","국내도서","사랑은 진할수록 아름답다","240006","9788976770974","","홍성묵 지음","명진출판사","20000630","8,500","7,650","420점","408","요리/살림"
"864","국내도서","비천무 2","65857","","","김혜린 지음","대원씨아이(만화)","19981010","3,500","3,150","170점","378","만화"
"865","국내도서","시도하지 않으면 아무것도 할 수 없다","237754","9788978910972","","지그 지글러 지음, 이구용 옮김","큰나무","20000620","7,000","6,300","350점","644","자기계발"
"866","국내도서","아이의 마음을 움직이는 말 16가지","94598","9788901005171","","루스 보든 지음","웅진지식하우스","20000722","2,500","2,250","120점","351","좋은부모"
"867","국내도서","아이에게 책임감을 심어주는 아주 특별한 방법","250598","9788985777506","","린다.리처드 에어 지음, 노영희 옮김","한울림어린이(한울림)","20001017","8,500","7,650","420점","83","좋은부모"
"868","외국도서","Longman Active Study Dictionary","236388","9780582298934","","Longman 편집부 엮음","교보문고(교재)","19990501","15,000","14,700","450점","41","교육/자료"
"869","국내도서","행복한 바보들이 사는 마을, 켈름","201502","9788974430191","03890","아이작 B. 싱어 지음, 황명걸 옮김","두레","19990730","6,500","5,850","320점","327","소설/시/희곡"
"870","국내도서","삶이 고통스러울 때","255502","9788953100152","03230","필립 얀시 지음, 피현희 옮김","두란노","20001107","2,500","2,250","120점","121","종교/역학"
"871","국내도서","JSP - 사이버 강의로 배우는 웹 개발자를 위한 서블릿","247750","9788995147344","","유재우 외 지음","프리렉","20000817","30,000","27,000","1,500점","83","컴퓨터/모바일"
"872","국내도서","아가 雅歌","225481","9788937403392","03810","이문열 지음","민음사","20000320","10,000","9,000","500점","984","소설/시/희곡"
"873","국내도서","세상을 클릭한 아줌마들","252863","9788995170700","","아줌마닷컴 사이버작가80명 지음","아줌마닷컴(azoomma.com)","20001030","7,800","7,020","390점","41","에세이"
"874","국내도서","자신이 바라는 존재가 되라 2","254800","9788976850904","03840","릭 피티노 지음","현대미디어","20001101","8,000","7,200","400점","44","자기계발"
"875","국내도서","퇴마록 말세편 4","247834","9788975272042","04810","이우혁 지음","들녘","20000901","9,500","8,550","470점","1040","소설/시/희곡"
"876","국내도서","한국 현대정치의 악몽 - 국가폭력","250141","9788970132198","04340","조현연 지음","책세상","20000925","4,900","4,410","240점","498","사회과학"
"877","국내도서","화두, 혜능과 셰익스피어","172950","9788982641084","03220","김용옥 지음","통나무","19980815","8,000","7,200","400점","1196","종교/역학"
"878","국내도서","왜 조선일보인가","254848","9788988410356","03300","조선일보반대 시민연대 엮음","인물과사상사","20010120","9,000","8,100","450점","122","사회과학"
"879","국내도서","엔터프라이즈 자바 빈즈","250881","9788979140842","","Richard Monson-Haefel 지음, 강승우 외 옮김","한빛미디어","20001007","23,000","20,700","1,150점","147","컴퓨터/모바일"
"880","국내도서","태백산맥 2","190184","9788973370788","","조정래","해냄","19950101","6,800","6,120","340점","355","소설/시/희곡"
"881","국내도서","교실 이데아","248519","9788988902103","","최병화 지음","예담","20000920","8,000","7,200","400점","529","사회과학"
"882","국내도서","두 사람이다 3","252560","9788952715609","","강경옥 지음","시공사(만화)","20001023","3,500","3,150","170점","113","만화"
"883","국내도서","Security PLUS for UNIX","239862","9788931414905","","PLUS(포항공대유닉스보안연구회) 지음","영진.com(영진닷컴)","20000701","23,000","20,700","1,150점","247","컴퓨터/모바일"
"884","국내도서","그리운 흔적","247153","9788970123677","03810","이윤기 지음","문학사상사","20000830","7,000","6,300","350점","208","소설/시/희곡"
"885","국내도서","컨트롤된 카오스","252596","9788931001266","03300","노르베르트 볼츠 지음, 윤종석 옮김","문예출판사","20001010","14,000","12,600","700점","217","사회과학"
"886","국내도서","남자아이 키우기","243129","9788989197041","","롱셀러 편집부 편역, 송기헌 감수","롱셀러","20000720","7,500","6,750","370점","225","좋은부모"
"887","국내도서","부르디외 사회학 입문","225358","9788980380831","04330","파트리스 보네위츠 지음, 문경자 옮김","동문선","20000310","7,000","6,300","350점","411","사회과학"
"888","국내도서","수도원의 비망록 -상","188930","9788970751399","","주제 사라마구 지음","문학세계사","19981120","7,800","7,020","390점","89","소설/시/희곡"
"889","국내도서","우리는 지금 인도로 간다","109819","9788942200368","","정창권 지음","민서출판사","19990101","20,000","18,000","1,000점","49","여행"
"890","국내도서","아리랑 4","189816","9788973370467","","조정래","해냄","19940801","6,800","6,120","340점","160","소설/시/희곡"
"891","국내도서","미국 생선장사가 한국 대통령보다 낫다","253057","9788987957265","","최혜정 외 지음","다인미디어","20001020","9,000","8,100","450점","73","자기계발"
"892","국내도서","세상에서 제일 잘생긴 익사체","187270","9788971842324","03840","가브리엘 마르케스 외 지음, 김훈 옮김","푸른숲","19990410","8,000","7,200","400점","219","소설/시/희곡"
"893","국내도서","아이들과 함께 하는 동화수업","245307","9788980400577","13370","국어교육을위한초등교사모임 지음","우리교육","20000801","12,000","10,800","600점","1042","사회과학"
"894","국내도서","권력을 경영하는 48법칙 -상","234013","9788972912675","","로버트 그린 외 지음, 정영목 옮김","까치","20000520","8,500","7,650","420점","362","자기계발"
"895","국내도서","그녀의 여자","236855","9788970123493","03810","서영은 지음","문학사상사","20000610","7,500","6,750","370점","163","소설/시/희곡"
"896","국내도서","니벨룽겐의 반지 2 - 전편","253205","9788953201385","","마츠모토 레이지 지음","서울미디어코믹스(서울문화사)","20001028","3,500","3,150","170점","106","만화"
"897","국내도서","미술의 해석","215466","9788985846592","03600","솔로몬 피시맨 지음, 민주식 옮김","학고재","19991207","13,000","11,700","650점","191","대학교재/전문서적"
"898","국내도서","나, 아바타 그리고 가상세계","246544","9788970132150","","정기도 지음","책세상","20000828","3,900","3,510","190점","52","컴퓨터/모바일"
"899","국내도서","윈도우 98 무작정 따라하기","112625","9788975600432","","조철호 지음","길벗","20000101","15,000","13,500","750점","143","컴퓨터/모바일"
"900","국내도서","느리게 사랑하는 것의 기쁨","254867","9788986960228","","김선영 지음","에스케이문화(서광문화사)","20001120","7,000","6,300","350점","23","소설/시/희곡"
"901","국내도서","아름다운 시절 2","222757","9788952802835","","오사카 미에코 지음","대원씨아이(만화)","20000222","3,000","2,700","150점","177","만화"
"902","국내도서","지식경영과 특허전략","247576","9788984070400","","케빈 G. 리베트 외 지음, 제대식 옮김","세종(세종서적)","20000825","13,000","11,700","650점","267","경제경영"
"903","국내도서","벽 없는 미술관","252338","9788988045244","","임옥상 지음","생각의나무","20001017","9,000","8,100","450점","111","예술/대중문화"
"904","국내도서","천년을 만드는 엄마","215356","9788915020191","","이어령 지음","삼성출판사","19991130","9,500","8,550","470점","102","에세이"
"905","국내도서","그 남자! 그 여자! 2","212772","9788952987280","07650","츠다 마사미 지음","학산문화사(만화)","19990101","3,500","3,150","170점","381","만화"
"906","국내도서","소림기공 건강법","253482","9788983755018","","안덕해 지음","랜덤하우스코리아","20001030","9,000","8,100","450점","109","건강/취미"
"907","국내도서","상대적이며 절대적인 외계인 백과사전","242613","9788932903170","","기욤 페이에 지음","열린책들","20000725","8,500","7,650","420점","151","과학"
"908","국내도서","이것이 새천년 미국영어다 7","246680","9788940404010","","조화유 지음","대현출판사","20000830","7,000","6,300","350점","168","외국어"
"909","국내도서","Professional JSP","248027","9788976277534","","Karl Avedal 외 20명 지음, 류광 옮김","정보문화사","20000916","35,000","31,500","1,750점","105","컴퓨터/모바일"
"910","국내도서","르네상스의 여인들","45096","9788935610808","03800","시오노 나나미 지음, 김석희 옮김","한길사","20020110","15,000","13,500","750점","1077","역사"
"911","국내도서","페다고지","153322","9788985512237","93370","파울로 프레이리 지음, 성찬성 옮김","한마당","19950301","9,800","8,820","490점","1438","인문학"
"912","국내도서","153 : 요한복음강해 2","250888","9788970468006","03230","전병욱 지음","규장(규장문화사)","20001005","11,000","9,900","550점","160","종교/역학"
"913","국내도서","MCSE Training Kit Microsoft Windows 2000 Professional","247160","9788988730522","","Microsoft 지음, 김소영 옮김","컴피플","20000910","49,000","44,100","2,450점","202","수험서/자격증"
"914","국내도서","현명한 사람에게 드리는 지혜의 말","248526","9788950970079","","찰스 패너티 지음, 김영신 옮김","컬처라인","20000925","7,800","7,020","390점","34","에세이"
"915","국내도서","이철수 판화달력 - 도라지꽃둘","252290","","","이철수 그림","문학동네","20001001","6,000","5,400","300점","139",""
"916","국내도서","미국사 100장면","53337","9788985466271","03940","유종선 지음","가람기획","19951001","12,000","10,800","600점","584","역사"
"917","국내도서","오대리, 영어 좀 하나?","200601","9788934904144","03740","네오퀘스트 지음","김영사","19990725","9,900","8,910","490점","759","외국어"
"918","국내도서","아름다운 시절 9","249744","9788952810694","","오사카 미에코","대원씨아이(만화)","20000901","3,000","2,700","150점","131","만화"
"919","국내도서","미래를 위한 역사의식","53743","9788942330300","","한영우","지식산업사","19971105","8,000","7,600","400점","25","역사"
"920","국내도서","웃기는 리더가 성공한다","190984","9788986183283","03320","김진배 지음","뜨인돌","19990315","7,500","6,750","370점","534","자기계발"
"921","국내도서","TOEFL Essay 이것이 정답이다","241493","","","김홍 지음","이앤엠리서치(ENM)","20000701","13,000","11,700","650점","49","외국어"
"922","국내도서","천사 금렵구 5","213447","9788984428607","47650","유키 카오리 지음","대원씨아이(만화)","19991130","3,000","2,700","150점","126","만화"
"923","국내도서","금융자산관리사 1 - 고객관리업무.자산관리업무","243874","9788988899120","","김경신 외 지음","금융경제연수사","20000728","23,000","20,700","1,150점","100","수험서/자격증"
"924","국내도서","베르세르크 13","235779","9788952806611","47650","미우라 켄타로 지음","대원씨아이(만화)","20000606","3,500","3,150","170점","292","만화"
"925","국내도서","김수연의 아기 발달 클리닉","25101","9788985777193","","김수연 지음","한울림어린이(한울림)","19980310","7,500","6,750","370점","518","좋은부모"
"926","국내도서","마스터 키튼 16","225067","9788925258560","07830","우라사와 나오키 지음, 가쓰시카 호쿠세이 스토리","대원씨아이(만화)","20000308","4,500","4,050","220점","812","만화"
"927","국내도서","월드 챔피언 신주영의 스타크래프트 Brood War 무작정 따라하기","194564","9788975600401","","신주영, 임영수 지음","길벗","19990501","13,000","11,700","650점","138","컴퓨터/모바일"
"928","국내도서","누구나 할 수 있는 Webmaster","242184","9788989238089","","이재진 외 지음","정보발전소","20000704","35,000","31,500","1,750점","84","컴퓨터/모바일"
"929","국내도서","라이브 모션 1.0으로 만드는 웹의 숨소리","253662","9788986525731","","김덕중 지음","비비컴","20001001","20,000","18,000","1,000점","23","컴퓨터/모바일"
"930","국내도서","산불","242664","9788988047064","","윤흥길 외 지음","이수","20000720","8,000","7,200","400점","46","소설/시/희곡"
"931","국내도서","상징의 비밀","187081","9788982811265","04600","데이비드 폰태너 지음, 최승자 옮김","문학동네","19981224","25,000","23,750","750점","548","인문학"
"932","국내도서","MySQL & mSQL","232874","9788979140651","","Randy Jay Yarger 외 지음, 문정훈 옮김","한빛미디어","20000516","25,000","22,500","1,250점","116","컴퓨터/모바일"
"933","국내도서","의미의 논리","206226","9788935652044","94160","질 들뢰즈 지음, 이정우 옮김","한길사","19990915","32,000","28,800","1,600점","1630","인문학"
"934","국내도서","스스로를 비둘기라고 믿는 까치에게","194951","9788974140007","43810","김진경 지음","푸른나무","20000820","7,800","7,020","390점","552","사회과학"
"935","국내도서","이갈리아의 딸들","116061","9788982730009","03890","게르드 브란튼베르그 지음, 히스테리아 옮김","황금가지","19960701","13,000","11,700","650점","19132","소설/시/희곡"
"936","국내도서","노동사회 2000.10","252628","","","한국노동사회연구소 편집부 엮음","한국노동사회연구소","20001022","6,000","6,000","60점","18","사회과학"
"937","국내도서","철학과 문학비평, 그 비판적 대화","239951","9788970131566","04100","김영건 지음","책세상","20000620","5,900","5,310","290점","420","인문학"
"938","국내도서","내 혀가 입 속에 갇혀 있길 거부한다면","219956","9788936421946","03810","김선우 지음","창비","20000201","10,000","9,500","500점","1571","소설/시/희곡"
"939","국내도서","보초병님 개미 좀 살려주세요","236887","9788934001645","","박동운 지음","거름","20000620","9,800","8,820","490점","335","경제경영"
"940","국내도서","가슴 뛰는 삶을 살아라","190060","9788988739006","03840","다릴 앙카 지음, 류시화 옮김","나무심는사람(이레)","19990320","8,000","7,200","400점","1776","소설/시/희곡"
"941","국내도서","객지","250315","9788936460167","03810","황석영 지음","창비","20001010","11,000","9,900","550점","1548","소설/시/희곡"
"942","국내도서","초보자를 위한 한글 액세스 2000 길라잡이","251846","9788976277237","","김재훈 지음","정보문화사","20001005","18,000","16,200","900점","68","컴퓨터/모바일"
"943","국내도서","禪 - 신비주의인가, 철학인가?","255519","9788950970086","","변상섭 지음","컬처라인","20001113","12,000","10,800","600점","90","종교/역학"
"944","국내도서","신화와 의미","223136","9788988295410","","클로드 레비-스트로스 지음, 임옥희 옮김","이끌리오","20000302","7,000","6,300","350점","224","인문학"
"945","외국도서","신일본어기초 1","90528","9788972601043","13730","해외기술자연수협회 엮음","문진미디어(문진당)","19920201","12,000","10,800","600점","372","일본 도서"
"946","국내도서","성공! 주식투자의 맥","249059","9788977300392","","이정현 지음","청마","20001005","7,000","6,300","350점","18","경제경영"
"947","국내도서","감시와 처벌","201965","9788930032483","03300","미셸 푸코 지음, 오생근 옮김","나남출판","20031005","23,000","20,700","230점","6581","인문학"
"948","국내도서","나의 친구 마키아벨리","28541","","","시오노 나나미 지음, 오정환 옮김","한길사","19960301","11,000","9,900","550점","393","역사"
"949","국내도서","원령공주 4","217416","9788984429499","","미야자키 하야오 지음","대원씨아이(만화)","20000106","4,000","3,600","200점","78","만화"
"950","국내도서","국어교육학","248232","9788988375464","","김중신 외 지음","소명출판","20000830","17,000","15,300","850점","272","대학교재/전문서적"
"951","국내도서","우울증에 관한 희망의 보고서","225257","9788995075326","","루이스 월퍼트 지음","청어람미디어","20000301","8,000","7,200","400점","143","건강/취미"
"952","국내도서","성경, 흐름을 잡아라","252662","9788936501815","03230","존 팀머 지음, 박혜영,이석열 옮김","홍성사","20001017","13,000","11,700","650점","177","종교/역학"
"953","국내도서","나란나란 세계사 도란도란 한국사","223356","9788934904724","77900","이원복 외 지음","김영사","20000307","7,900","7,110","390점","1282","청소년"
"954","국내도서","심장은 왼쪽에서 뛴다","235238","9788983754318","","오스카 라퐁텐 지음","더불어숲","20000605","10,000","9,000","500점","99","에세이"
"955","국내도서","자본주의 역사 바로 알기","229355","9788989056003","03300","리오 휴버먼 지음","책벌레","20000415","13,000","11,700","650점","9449","사회과학"
"956","국내도서","이것이 새천년 미국영어다 9","246682","9788940404034","04740","조화유 지음","대현출판사","20000830","7,000","6,300","350점","171","외국어"
"957","국내도서","삿뽀로 여인숙","246221","9788987905235","03810","하성란 지음","자음과모음(이룸)","20000821","7,500","6,750","370점","718","소설/시/희곡"
"958","국내도서","PHP 쇼핑몰 개발","251924","9788981930639","","OWL소프트웨어연구소 엮음","피씨북(PCBOOK)","20000930","30,000","27,000","1,500점","30","컴퓨터/모바일"
"959","국내도서","HTML + 자바스크립트 고급 활용예제 177선","245758","9788976277435","","인터넷 매거진 편집부 지음","정보문화사","20000816","15,000","13,500","750점","114","컴퓨터/모바일"
"960","국내도서","내 몸에 우주가 손을 얹었다","254161","9788933811078","02810","이성선 지음","세계사","20001030","5,500","4,950","270점","176","소설/시/희곡"
"961","국내도서","장사목을 잡아라","189081","9788976850690","13320","박경환","현대미디어","19981110","12,000","10,800","600점","117","경제경영"
"962","국내도서","타인에게 말걸기","190170","9788982810244","03810","은희경 지음","문학동네","19961224","12,000","10,800","600점","1539","소설/시/희곡"
"963","국내도서","Windows 2000 Server Bible","239875","9788931414974","","김남휘, 김중석, 이윤호 지음","영진.com(영진닷컴)","20000710","28,000","25,200","1,400점","372","컴퓨터/모바일"
"964","국내도서","엣센스 日本語 漢字 읽기사전","216006","9788938703170","11730","민중서림편집국 엮음","민중서림","20140110","40,000","36,000","2,000점","1335","외국어"
"965","국내도서","2010년 모바일 진화론","248496","9788974678449","","아라히 히사시 지음, 노경란 옮김","삼각형북스(삼각형M&B)","20001001","9,500","8,550","470점","101","경제경영"
"966","국내도서","삼국지 3","239617","9788981333690","","김구용 옮김","솔출판사","20000720","8,000","7,200","400점","216","소설/시/희곡"
"967","국내도서","인간의 굴레에서 1","118702","9788937460111","04840","서머셋 몸 지음, 송무 옮김","민음사","19980930","13,000","11,700","650점","7050","소설/시/희곡"
"968","국내도서","건강한 엄마 야무진 아이를 위한 70가지 태교이야기","248511","9788981650544","23590","한사랑태교연구원 지음, 주진우 감수","국민출판사","20000901","7,000","6,300","350점","183","좋은부모"
"969","국내도서","IT 경영전략","220364","9788950903862","13320","토머스 데이븐 포트 외 지음","21세기북스","20000215","12,000","10,800","600점","184","경제경영"
"970","국내도서","웹 시대의 인터페이스 디자인","231104","9788975600524","","앨리슨 헤드 지음 | 박광식, 김형렬 옮김","길벗","20000522","9,800","8,820","490점","373","컴퓨터/모바일"
"971","국내도서","바사라 BASARA 26","248769","","","타무라 유미 지음, 이은주 옮김","서울미디어코믹스(서울문화사)","20000922","3,000","2,700","150점","305","만화"
"972","국내도서","수퍼소라의 수퍼다이어트체조 2 - 비디오테이프 1개","237955","8804524010451","","동성프로덕션 편집부 지음","동성프로덕션","20000620","15,000","13,500","450점","227","건강/취미"
"973","국내도서","외눈박이 물고기의 사랑","108252","9788970631011","03810","류시화 지음","열림원","19961020","8,500","7,650","420점","1869","소설/시/희곡"
"974","국내도서","중국 고전 이야기 - 첫째권","221398","9788971390351","","송철규 지음","소나무","20000129","12,000","10,800","600점","241","고전"
"975","국내도서","영원의 들판 1","219442","9788952800671","","오사카 미에코 지음","대원씨아이(만화)","20000124","3,500","3,150","170점","53","만화"
"976","국내도서","마음을 열어주는 101가지 이야기 3","46105","9788985599085","03840","잭 캔필드 외 지음, 류시화 옮김","이레","19970620","9,800","8,820","490점","364","에세이"
"977","국내도서","아이들과 함께하는 시수업","250319","9788980400560","13370","국어교육을 위한 초등교사모임","우리교육","20000930","10,000","9,000","500점","725","사회과학"
"978","국내도서","오직 당신 사랑만으로","251334","9788978911030","03840","리사 클레이파스 지음, 오현수 옮김","큰나무","20001015","8,500","7,650","420점","97","소설/시/희곡"
"979","국내도서","보는 즐거움, 아는 즐거움","251537","9788986361391","","이광표 지음","효형출판","20001012","10,000","9,000","500점","287","예술/대중문화"
"980","국내도서","에니어그램의 지혜","248270","9788986481600","03180","돈 리처드 리소 외 지음, 주혜명 옮김","한문화","20000905","18,000","16,200","900점","3086","인문학"
"981","국내도서","불놀이","187231","9788973372423","04810","조정래 지음","해냄","19990420","7,500","6,750","370점","204","소설/시/희곡"
"982","국내도서","시민과학자로 살다","236054","","","타까기 진자부로오 지음, 김원식 옮김","녹색평론사","20000601","7,000","6,300","350점","157","사회과학"
"983","국내도서","내 안의 두 여자","242514","9788977190672","","변선희 지음","시와사회","20000720","7,500","6,750","370점","17","소설/시/희곡"
"984","국내도서","인터넷 주소록 40,000","242106","9788974678234","","강민구 외 지음","삼각형프레스","20000815","7,500","6,750","370점","31","컴퓨터/모바일"
"985","국내도서","히말라야 눈부신 자유가 있는 곳","250856","9788901030371","","김미진 지음","웅진지식하우스","20000901","7,500","6,750","370점","177","여행"
"986","국내도서","진리의 말씀","251465","9788957090848","03810","법정 엮음","이레","20001001","3,500","3,150","170점","1710","종교/역학"
"987","국내도서","나무야 나무야","28019","9788971990933","03810","신영복 지음","돌베개","19960912","8,000","7,200","400점","9676","에세이"
"988","국내도서","미국의 경제 지배자들","242309","9788984570184","","히로세 다카시 지음, 박승오 옮김","동방미디어","20000724","8,000","7,200","400점","183","경제경영"
"989","국내도서","About Oracle 8i","247183","","","김종근 외 지음","영진.com(영진닷컴)","20000905","24,000","21,600","1,200점","208","컴퓨터/모바일"
"990","국내도서","삼국지 2","239615","9788981333683","","김구용 옮김","솔출판사","20000720","8,000","7,200","400점","216","소설/시/희곡"
"991","국내도서","나는 데이트레이딩으로 1771%의 수익률을 올렸다","236902","9788988925362","","최진식 지음","국일증권경제연구소","20000620","9,000","8,100","450점","422","경제경영"
"992","국내도서","우동 한 그릇","192124","9788973223121","03830","구리 료헤이 지음, 최영혁 옮김","청조사","20100520","9,800","8,820","490점","9032","소설/시/희곡"
"993","국내도서","아리랑 5","189817","9788973370474","","조정래","해냄","19940801","6,800","6,120","340점","164","소설/시/희곡"
"994","국내도서","우리가 정말 알아야 할 우리말 바로 쓰기","217061","9788932310251","","이수열 지음","현암사","19991230","12,000","10,800","600점","467","소설/시/희곡"
"995","국내도서","족보공개 Microsoft PowerPoint 2000","253992","9788917905359","","Doug Klippert 지음, 시사영어사 편집부 옮김","와이비엠","20001025","9,000","8,100","450점","427","수험서/자격증"
"996","국내도서","[CD] 국선도 - 오디오 CD 1장","245430","","","청산선사 엮음","국선도","20000816","10,000","10,000","300점","604","건강/취미"
"997","국내도서","나, 대한민국 영어책","244616","9788995145111","","심재경 외 지음","길벗이지톡","20000730","12,800","11,520","640점","168","외국어"
"998","국내도서","C++ 프로그래밍의 이해","240962","9788979140729","","Steve Oualline 지음, 송호중 옮김","한빛미디어","20010113","23,000","20,700","1,150점","407","컴퓨터/모바일"
"999","국내도서","엘리베이터에 낀 그 남자는 어떻게 되었나","198952","9788932010861","03180","김영하 지음","문학과지성사","19990707","9,000","8,100","450점","1648","소설/시/희곡"
"1000","국내도서","고문하는 요리사","247331","9788982813177","03860","뤽 랑 지음, 용경식 옮김","문학동네","20000901","7,500","6,750","370점","188","소설/시/희곡"


,,좋은 책을 고르는 방법, 알라딘!! www.aladin.co.kr,,,,,,,,,,,